2	[(620,170)(619,151)(620,210)(611,127)] [(620,190)]	(617.0,164.0) null
2	[(611,117)(620,140)] [(620,220)(620,200)(620,180)(620,160)]	null null
2	[(611,117)(620,140)] [(620,220)(620,200)(620,180)(620,160)]	null null
2	[(611,117)(620,140)] [(620,220)(620,200)(620,180)(620,160)]	null null
3	[(613,227)(603,113)(613,133)] [(620,200)(620,180)(620,160)]	(609.0,157.0) null
3	[(613,227)(603,113)(613,133)] [(620,200)(620,180)(620,160)]	(609.0,157.0) null
4	[(599,241)(633,215)(620,160)(594,119)(599,119)] [(620,180)]	(609.0,170.0) null
5	[(599,241)(633,215)(622,151)(594,124)(599,119)] [(620,180)]	(609.0,170.0) (0.0,0.0)
6	[(592,248)(633,225)(625,142)(594,135)(589,118)] [(620,180)]	(606.0,173.0) (0.0,0.0)
7	[(585,255)(633,235)(632,135)(594,145)(579,118)] [(620,180)]	(604.0,177.0) (0.0,0.0)
8	[(578,262)(633,245)(641,133)(593,154)(569,118)] [(620,180)]	(603.0,182.0) (0.0,0.0)
2	[(611,117)(620,140)] [(620,220)(620,160)(620,180)(620,200)]	null null
2	[(611,117)(620,140)] [(620,220)(620,160)(620,180)(620,200)]	null null
2	[(611,117)(620,140)] [(620,220)(620,160)(620,180)(620,200)]	null null
3	[(613,227)(603,113)(613,133)] [(620,160)(620,180)(620,200)]	(609.0,157.0) null
3	[(613,227)(603,113)(613,133)] [(620,160)(620,180)(620,200)]	(609.0,157.0) null
4	[(599,241)(594,120)(620,160)(633,215)(599,119)] [(620,180)]	(609.0,171.0) null
5	[(599,241)(594,124)(622,151)(633,215)(599,119)] [(620,180)]	(609.0,170.0) (0.0,0.0)
6	[(592,248)(594,135)(625,142)(633,225)(589,118)] [(620,180)]	(606.0,173.0) (0.0,0.0)
7	[(585,255)(594,145)(632,135)(633,235)(579,118)] [(620,180)]	(604.0,177.0) (0.0,0.0)
8	[(578,262)(593,154)(641,133)(633,245)(569,118)] [(620,180)]	(602.0,182.0) (0.0,0.0)
2	[(611,117)(620,140)] [(620,160)(620,200)(620,180)(620,220)]	null null
2	[(611,117)(620,140)] [(620,160)(620,200)(620,180)(620,220)]	null null
2	[(611,117)(620,140)] [(620,160)(620,200)(620,180)(620,220)]	null null
3	[(603,113)(613,133)(613,227)] [(620,160)(620,200)(620,180)]	(609.0,157.0) null
3	[(603,113)(613,133)(613,227)] [(620,160)(620,200)(620,180)]	(609.0,157.0) null
4	[(594,119)(620,160)(633,215)(599,119)(602,238)] [(620,180)]	(609.0,170.0) null
5	[(594,124)(622,151)(633,215)(599,119)(599,241)] [(620,180)]	(609.0,170.0) (0.0,0.0)
6	[(594,135)(625,142)(633,225)(589,118)(592,248)] [(620,180)]	(606.0,173.0) (0.0,0.0)
7	[(594,145)(632,135)(633,235)(579,118)(585,255)] [(620,180)]	(604.0,177.0) (0.0,0.0)
8	[(593,154)(641,133)(633,245)(569,118)(578,262)] [(620,180)]	(603.0,182.0) (0.0,0.0)
2	[(620,140)(611,117)] [(620,200)(620,180)(620,160)(620,220)]	null null
2	[(620,140)(611,117)] [(620,200)(620,180)(620,160)(620,220)]	null null
2	[(620,140)(611,117)] [(620,200)(620,180)(620,160)(620,220)]	null null
3	[(613,133)(603,113)(613,227)] [(620,200)(620,180)(620,160)]	(609.0,157.0) null
3	[(613,133)(603,113)(620,200)(613,227)] [(620,180)(620,160)]	(609.0,157.0) null
4	[(599,119)(594,120)(633,215)(620,160)(599,241)] [(620,180)]	(609.0,171.0) null
5	[(599,119)(594,124)(633,215)(622,151)(599,241)] [(620,180)]	(609.0,170.0) (0.0,0.0)
6	[(589,118)(594,135)(633,225)(625,142)(592,248)] [(620,180)]	(606.0,173.0) (0.0,0.0)
7	[(579,118)(594,145)(633,235)(632,135)(585,255)] [(620,180)]	(604.0,177.0) (0.0,0.0)
8	[(569,118)(593,154)(633,245)(641,133)(578,262)] [(620,180)]	(602.0,182.0) (0.0,0.0)
2	[(611,117)(620,140)] [(620,180)(620,160)(620,220)(620,200)]	null null
3	[(603,113)(613,133)(613,227)] [(620,180)(620,160)(620,200)]	(609.0,157.0) null
3	[(603,113)(613,133)(613,227)] [(620,180)(620,160)(620,200)]	(609.0,157.0) null
4	[(594,120)(599,119)(620,160)(599,241)(633,215)] [(620,180)]	(609.0,171.0) null
5	[(594,124)(599,119)(622,151)(599,241)(633,215)] [(620,180)]	(609.0,170.0) (0.0,0.0)
6	[(594,134)(589,118)(625,142)(592,248)(633,225)] [(620,180)]	(606.0,173.0) (0.0,0.0)
7	[(594,145)(579,118)(632,135)(585,255)(633,235)] [(620,180)]	(604.0,177.0) (0.0,0.0)
8	[(593,154)(569,118)(641,133)(578,262)(633,245)] [(620,180)]	(603.0,182.0) (0.0,0.0)
2	[(617,109)] [(620,170)(620,150)(620,130)(620,230)(620,210)(620,190)]	null null
2	[(620,170)(619,151)(617,109)] [(620,130)(620,230)(620,210)(620,190)]	(618.0,143.0) null
2	[(620,170)(619,151)(617,109)] [(620,130)(620,230)(620,210)(620,190)]	(618.0,143.0) null
3	[(611,167)(612,154)(613,237)(626,111)] [(620,130)(620,210)(620,190)]	(615.0,167.0) null
3	[(611,167)(612,154)(613,237)(626,111)] [(620,130)(620,210)(620,190)]	(615.0,167.0) null
4	[(601,167)(602,154)(606,244)(633,118)(627,217)] [(620,130)(620,190)]	(613.0,180.0) null
4	[(601,167)(602,154)(606,244)(633,118)(627,217)] [(620,130)(620,190)]	(613.0,180.0) null
5	[(590,167)(591,154)(599,251)(640,125)(633,225)] [(620,130)(620,190)]	(611.0,184.0) (613.0,167.0)
5	[(590,167)(591,154)(599,251)(640,125)(633,225)] [(620,130)(620,190)]	(611.0,184.0) (613.0,167.0)
7	[(562,167)(569,146)(578,272)(656,113)(633,248)] [(613,150)(613,168)]	(599.0,189.0) (613.0,167.0)
8	[(561,167)(567,148)(578,272)(660,117)(633,255)] [(613,157)(613,167)]	(599.0,191.0) (0.0,0.0)
9	[(551,167)(560,155)(614,165)(570,277)(667,124)(633,265)] [(613,167)]	(599.0,192.0) (0.0,0.0)
10	[(541,167)(552,161)(621,158)(560,277)(675,128)(633,275)] [(613,167)]	(597.0,194.0) (0.0,0.0)
11	[(531,167)(542,161)(628,151)(550,277)(686,128)(633,285)] [(613,167)]	(595.0,194.0) (0.0,0.0)
12	[(521,167)(532,161)(635,144)(540,277)(696,128)(633,295)] [(613,167)]	(592.0,195.0) (0.0,0.0)
13	[(511,167)(523,160)(642,137)(530,277)(704,130)(633,305)] [(613,167)]	(590.0,196.0) (0.0,0.0)
2	[(617,109)] [(620,210)(620,170)(620,150)(620,230)(620,190)(620,130)]	null null
2	[(620,170)(619,151)(617,109)] [(620,210)(620,230)(620,190)(620,130)]	(618.0,143.0) null
2	[(620,170)(619,151)(617,109)] [(620,210)(620,230)(620,190)(620,130)]	(618.0,143.0) null
3	[(611,167)(612,154)(613,237)(626,111)] [(620,210)(620,190)(620,130)]	(615.0,167.0) null
3	[(611,167)(612,154)(613,237)(626,111)] [(620,210)(620,190)(620,130)]	(615.0,167.0) null
4	[(627,217)(601,167)(602,154)(606,244)(633,118)] [(620,190)(620,130)]	(613.0,180.0) null
4	[(627,217)(601,167)(602,154)(606,244)(633,118)] [(620,190)(620,130)]	(613.0,180.0) null
5	[(633,225)(590,167)(591,154)(599,251)(640,125)] [(620,190)(620,130)]	(611.0,184.0) (613.0,167.0)
5	[(633,225)(590,167)(591,154)(599,251)(640,125)] [(620,190)(620,130)]	(611.0,184.0) (613.0,167.0)
7	[(633,248)(561,167)(569,146)(578,272)(656,113)] [(613,168)(613,150)]	(599.0,189.0) (613.0,167.0)
8	[(633,255)(561,167)(567,148)(578,272)(660,117)] [(613,167)(613,157)]	(599.0,191.0) (0.0,0.0)
9	[(633,265)(551,167)(560,155)(570,277)(667,124)(614,165)] [(613,167)]	(599.0,192.0) (0.0,0.0)
10	[(633,275)(541,167)(552,161)(560,277)(675,128)(621,158)] [(613,167)]	(597.0,194.0) (0.0,0.0)
11	[(633,285)(531,167)(542,161)(550,277)(686,128)(628,151)] [(613,167)]	(595.0,194.0) (0.0,0.0)
12	[(633,295)(521,167)(532,161)(540,277)(696,128)(635,144)] [(613,167)]	(592.0,195.0) (0.0,0.0)
13	[(633,305)(511,167)(523,160)(530,277)(704,130)(642,137)] [(613,167)]	(590.0,196.0) (0.0,0.0)
2	[(617,109)] [(620,190)(620,130)(620,230)(620,170)(620,150)(620,210)]	null null
2	[(617,109)(619,151)(620,170)] [(620,190)(620,130)(620,230)(620,210)]	(618.0,143.0) null
2	[(617,109)(619,151)(620,170)] [(620,190)(620,130)(620,230)(620,210)]	(618.0,143.0) null
3	[(613,237)(626,111)(612,154)(611,167)] [(620,190)(620,130)(620,210)]	(615.0,167.0) null
3	[(613,237)(626,111)(612,154)(611,167)] [(620,190)(620,130)(620,210)]	(615.0,167.0) null
4	[(606,244)(633,118)(602,154)(601,167)(627,217)] [(620,190)(620,130)]	(613.0,180.0) null
4	[(606,244)(633,118)(602,154)(601,167)(627,217)] [(620,190)(620,130)]	(613.0,180.0) null
5	[(599,251)(640,125)(591,154)(590,167)(633,225)] [(620,190)(620,130)]	(611.0,184.0) (613.0,167.0)
5	[(599,251)(640,125)(591,154)(590,167)(633,225)] [(620,190)(620,130)]	(611.0,184.0) (613.0,167.0)
7	[(578,272)(656,113)(569,146)(561,167)(633,249)] [(613,168)(613,150)]	(599.0,189.0) (613.0,167.0)
8	[(578,272)(660,117)(567,148)(561,167)(633,255)] [(613,167)(613,157)]	(599.0,191.0) (0.0,0.0)
9	[(614,165)(570,277)(667,124)(560,155)(551,167)(633,265)] [(613,167)]	(599.0,192.0) (0.0,0.0)
10	[(621,158)(560,277)(675,128)(552,161)(541,167)(633,275)] [(613,167)]	(597.0,194.0) (0.0,0.0)
11	[(628,151)(550,277)(686,128)(542,161)(531,167)(633,285)] [(613,167)]	(595.0,194.0) (0.0,0.0)
12	[(635,144)(540,277)(696,128)(532,161)(521,167)(633,295)] [(613,167)]	(592.0,195.0) (0.0,0.0)
13	[(642,137)(530,277)(704,130)(523,160)(511,167)(633,305)] [(613,167)]	(590.0,196.0) (0.0,0.0)
2	[(617,109)] [(620,150)(620,190)(620,130)(620,210)(620,170)(620,230)]	null null
2	[(619,151)(620,170)(617,109)] [(620,190)(620,130)(620,210)(620,230)]	(618.0,143.0) null
3	[(612,154)(611,167)(613,237)(626,111)] [(620,190)(620,130)(620,210)]	(615.0,167.0) null
3	[(612,154)(611,167)(613,237)(626,111)] [(620,190)(620,130)(620,210)]	(615.0,167.0) null
4	[(602,154)(627,217)(601,167)(606,244)(633,118)] [(620,190)(620,130)]	(613.0,180.0) null
4	[(602,154)(627,217)(601,167)(606,244)(633,118)] [(620,190)(620,130)]	(613.0,180.0) null
5	[(591,154)(633,225)(590,167)(599,251)(640,125)] [(620,190)(620,130)]	(611.0,184.0) (613.0,167.0)
5	[(591,154)(633,225)(590,167)(599,251)(640,125)] [(620,190)(620,130)]	(611.0,184.0) (613.0,167.0)
7	[(569,146)(633,248)(564,167)(578,272)(656,113)] [(613,168)(613,150)]	(600.0,189.0) (613.0,167.0)
8	[(567,148)(633,255)(561,167)(578,272)(660,117)] [(613,167)(613,157)]	(599.0,191.0) (0.0,0.0)
9	[(560,155)(633,265)(614,165)(551,167)(570,277)(667,124)] [(613,167)]	(599.0,192.0) (0.0,0.0)
10	[(552,161)(633,276)(621,158)(540,167)(560,277)(677,128)] [(613,167)]	(597.0,194.0) (0.0,0.0)
11	[(542,161)(633,285)(628,151)(531,167)(550,277)(686,128)] [(613,167)]	(595.0,194.0) (0.0,0.0)
12	[(532,161)(633,295)(635,144)(521,167)(540,277)(696,128)] [(613,167)]	(592.0,195.0) (0.0,0.0)
13	[(523,160)(633,306)(642,137)(510,167)(530,277)(704,130)] [(613,167)]	(590.0,196.0) (0.0,0.0)
2	[(617,109)] [(620,190)(620,230)(620,210)(620,170)(620,130)(620,150)]	null null
2	[(617,109)(620,170)(619,151)] [(620,190)(620,230)(620,210)(620,130)]	(618.0,143.0) null
2	[(617,109)(620,170)(619,151)] [(620,190)(620,230)(620,210)(620,130)]	(618.0,143.0) null
3	[(626,111)(613,237)(611,167)(612,154)] [(620,190)(620,210)(620,130)]	(615.0,167.0) null
3	[(626,111)(613,237)(611,167)(612,154)] [(620,190)(620,210)(620,130)]	(615.0,167.0) null
4	[(633,118)(606,244)(627,217)(601,167)(602,154)] [(620,190)(620,130)]	(613.0,180.0) null
4	[(633,118)(606,244)(627,217)(601,167)(602,154)] [(620,190)(620,130)]	(613.0,180.0) null
5	[(640,125)(599,251)(633,225)(590,167)(591,154)] [(620,190)(620,130)]	(611.0,184.0) (613.0,167.0)
5	[(640,125)(599,251)(633,225)(590,167)(591,154)] [(620,190)(620,130)]	(611.0,184.0) (613.0,167.0)
7	[(656,113)(578,272)(633,249)(564,167)(569,146)] [(613,168)(613,151)]	(600.0,189.0) (613.0,167.0)
8	[(660,117)(578,272)(633,255)(561,167)(567,148)] [(613,167)(613,157)]	(599.0,191.0) (0.0,0.0)
9	[(667,124)(570,277)(633,265)(551,167)(614,165)(560,155)] [(613,167)]	(599.0,192.0) (0.0,0.0)
10	[(675,128)(560,277)(633,275)(540,167)(621,158)(552,161)] [(613,167)]	(597.0,194.0) (0.0,0.0)
11	[(686,128)(550,277)(633,285)(531,167)(628,151)(542,161)] [(613,167)]	(595.0,194.0) (0.0,0.0)
12	[(696,128)(540,277)(633,295)(521,167)(635,144)(531,161)] [(613,167)]	(592.0,195.0) (0.0,0.0)
13	[(704,130)(530,277)(633,305)(511,167)(642,137)(523,160)] [(613,167)]	(590.0,196.0) (0.0,0.0)
2	[(620,180)(618,140)(619,159)] [(620,260)(620,220)(620,240)(620,280)(620,200)]	(619.0,159.0) null
2	[(620,180)(618,140)(619,159)] [(620,260)(620,220)(620,240)(620,280)(620,200)]	(619.0,159.0) null
2	[(619,179)(618,140)(619,159)] [(620,260)(620,220)(620,240)(620,280)(620,200)]	(618.0,159.0) null
3	[(613,173)(621,132)(612,154)(627,287)] [(620,260)(620,220)(620,240)(620,200)]	(618.0,186.0) null
3	[(613,173)(621,132)(612,154)(627,287)] [(620,260)(620,220)(620,240)(620,200)]	(618.0,186.0) null
3	[(613,173)(621,132)(612,154)(627,287)] [(620,260)(620,220)(620,240)(620,200)]	(618.0,186.0) null
3	[(613,173)(621,132)(612,154)(627,287)] [(620,260)(620,220)(620,240)(620,200)]	(618.0,186.0) null
4	[(604,170)(628,126)(601,154)(633,295)(620,200)] [(620,260)(620,220)(620,240)]	(617.0,189.0) null
4	[(604,170)(628,126)(601,154)(633,295)(620,200)] [(620,260)(620,220)(620,240)]	(617.0,189.0) null
4	[(604,170)(628,126)(601,154)(633,295)(620,200)] [(620,260)(620,220)(620,240)]	(617.0,189.0) null
5	[(593,170)(639,126)(591,153)(633,305)(627,193)] [(620,260)(620,220)(620,240)]	(616.0,189.0) (604.0,249.0)
5	[(593,170)(639,126)(591,153)(633,305)(627,193)] [(620,260)(620,220)(620,240)]	(616.0,189.0) (604.0,249.0)
5	[(593,170)(639,126)(591,153)(633,305)(627,193)] [(620,260)(620,220)(620,240)]	(616.0,189.0) (604.0,249.0)
6	[(574,170)(654,118)(574,149)(633,325)(641,179)] [(606,249)(606,234)(605,249)]	(615.0,188.0) (604.0,249.0)
6	[(574,170)(654,118)(574,149)(633,325)(641,179)] [(605,249)(606,234)(604,249)]	(615.0,188.0) (604.0,249.0)
7	[(574,170)(654,118)(574,149)(633,325)(641,179)] [(605,249)(606,234)(604,249)]	(615.0,188.0) (604.0,249.0)
7	[(573,170)(654,113)(574,149)(633,326)(641,179)] [(605,249)(606,234)(604,249)]	(615.0,187.0) (604.0,249.0)
8	[(563,170)(658,117)(565,150)(633,335)(643,170)] [(604,249)(604,243)(604,249)]	(612.0,188.0) (0.0,0.0)
8	[(554,170)(665,124)(558,157)(633,345)(643,160)] [(604,249)(604,248)(594,249)]	(610.0,191.0) (0.0,0.0)
9	[(554,170)(665,124)(558,157)(633,345)(643,160)] [(604,249)(604,249)(594,249)]	(610.0,191.0) (0.0,0.0)
9	[(554,170)(665,124)(558,157)(633,345)(643,160)] [(604,249)(604,249)(594,249)]	(610.0,191.0) (0.0,0.0)
10	[(544,170)(674,128)(550,162)(633,355)(644,151)] [(604,249)(604,249)(584,249)]	(609.0,193.0) (0.0,0.0)
10	[(543,170)(674,128)(550,162)(633,355)(644,151)] [(604,249)(604,249)(584,249)]	(608.0,193.0) (0.0,0.0)
11	[(534,170)(685,128)(539,162)(633,365)(651,144)] [(604,249)(604,249)(575,245)]	(608.0,193.0) (0.0,0.0)
11	[(534,170)(685,128)(539,162)(633,365)(651,144)] [(604,249)(604,249)(575,245)]	(608.0,193.0) (0.0,0.0)
11	[(524,170)(694,128)(530,161)(633,375)(658,137)] [(604,249)(604,249)(575,245)]	(607.0,194.0) (0.0,0.0)
12	[(524,170)(695,128)(530,161)(633,375)(658,137)] [(604,249)(604,249)(575,245)]	(608.0,194.0) (0.0,0.0)
12	[(524,170)(695,128)(530,161)(633,375)(658,137)] [(604,249)(604,249)(575,245)]	(608.0,194.0) (0.0,0.0)
12	[(523,170)(696,128)(530,161)(633,375)(658,137)] [(604,249)(604,249)(575,245)]	(608.0,194.0) (0.0,0.0)
13	[(513,170)(704,129)(521,159)(633,385)(665,130)] [(604,249)(604,249)(575,245)]	(607.0,194.0) (0.0,0.0)
13	[(513,170)(704,129)(521,159)(633,385)(665,130)] [(604,249)(604,249)(575,245)]	(607.0,194.0) (0.0,0.0)
13	[(513,170)(704,129)(521,159)(633,385)(665,130)] [(604,249)(604,249)(575,245)]	(607.0,194.0) (0.0,0.0)
14	[(503,170)(704,125)(511,158)(633,395)(677,125)] [(604,249)(604,249)(575,245)]	(605.0,195.0) (612.0,167.0)
14	[(502,170)(702,123)(511,158)(633,396)(680,125)] [(604,249)(604,249)(576,246)]	(605.0,195.0) (612.0,167.0)
14	[(502,170)(701,122)(511,158)(633,396)(680,125)] [(604,249)(604,249)(576,246)]	(605.0,195.0) (612.0,167.0)
23	[(424,147)(629,135)(442,162)(611,169)(605,478)(637,127)] [(612,168)(612,200)]	(558.0,203.0) (612.0,167.0)
24	[(424,145)(622,128)(433,162)(604,174)(601,484)(631,133)] [(612,167)(612,190)]	(552.0,204.0) (612.0,167.0)
28	[(393,168)(587,100)(400,168)(563,174)(626,226)(571,508)(596,122)] [(605,140)]	(534.0,209.0) (612.0,167.0)
30	[(368,167)(564,100)(372,168)(534,174)(626,254)(552,527)(578,104)] [(612,166)]	(513.0,213.0) (612.0,167.0)
31	[(368,167)(563,100)(371,168)(534,174)(626,254)(554,525)(578,104)] [(612,167)]	(513.0,213.0) (612.0,167.0)
35	[(391,155)(572,75)(366,150)(485,176)(629,303)(567,501)(535,89)] [(619,194)]	(506.0,206.0) (612.0,167.0)
37	[(406,168)(582,75)(348,149)(465,176)(629,323)(547,501)(552,100)] [(612,168)]	(504.0,213.0) (612.0,167.0)
38	[(406,168)(575,82)(348,147)(464,176)(629,324)(546,501)(552,100)] [(612,167)]	(502.0,214.0) (612.0,167.0)
42	[(445,174)(546,109)(356,113)(425,174)(629,365)(505,502)(524,101)] [(612,137)]	(490.0,219.0) (612.0,167.0)
44	[(465,176)(516,109)(372,91)(396,174)(629,393)(495,512)(501,104)] [(612,166)]	(481.0,222.0) (612.0,167.0)
45	[(473,176)(515,109)(372,91)(396,174)(629,393)(496,513)(501,104)] [(612,167)]	(483.0,222.0) (612.0,167.0)
49	[(515,174)(480,85)(392,97)(359,164)(614,436)(484,535)(507,90)] [(608,196)]	(478.0,225.0) (612.0,167.0)
52	[(544,174)(470,97)(415,90)(329,164)(614,465)(480,548)(479,97)] [(612,168)]	(475.0,233.0) (612.0,167.0)
53	[(553,174)(461,97)(421,87)(319,164)(613,467)(480,542)(468,97)] [(612,167)]	(473.0,232.0) (612.0,167.0)
2	[(618,140)(619,159)(620,180)] [(620,200)(620,220)(620,280)(620,260)(620,240)]	(619.0,159.0) null
2	[(618,140)(619,159)(620,180)] [(620,200)(620,220)(620,280)(620,260)(620,240)]	(619.0,159.0) null
2	[(618,140)(619,159)(620,180)] [(620,200)(620,220)(620,280)(620,260)(620,240)]	(619.0,159.0) null
3	[(621,132)(627,287)(612,154)(613,173)] [(620,200)(620,220)(620,260)(620,240)]	(618.0,186.0) null
3	[(621,132)(627,287)(612,154)(613,173)] [(620,200)(620,220)(620,260)(620,240)]	(618.0,186.0) null
3	[(621,132)(627,287)(612,154)(613,173)] [(620,200)(620,220)(620,260)(620,240)]	(618.0,186.0) null
3	[(621,132)(627,287)(612,154)(613,173)] [(620,200)(620,220)(620,260)(620,240)]	(618.0,186.0) null
4	[(620,200)(628,126)(633,295)(601,154)(604,170)] [(620,220)(620,260)(620,240)]	(617.0,189.0) null
4	[(620,200)(628,126)(633,295)(601,154)(604,170)] [(620,220)(620,260)(620,240)]	(617.0,189.0) null
4	[(620,200)(628,126)(633,295)(601,154)(604,170)] [(620,220)(620,260)(620,240)]	(617.0,189.0) null
5	[(627,193)(639,126)(633,306)(591,153)(593,170)] [(620,220)(620,260)(620,240)]	(616.0,189.0) (604.0,249.0)
5	[(627,193)(639,126)(633,306)(591,153)(593,170)] [(620,220)(620,260)(620,240)]	(616.0,189.0) (604.0,249.0)
5	[(627,193)(639,126)(633,306)(591,153)(593,170)] [(620,220)(620,260)(620,240)]	(616.0,189.0) (604.0,249.0)
6	[(641,179)(654,118)(633,325)(574,149)(574,170)] [(606,234)(605,249)(605,249)]	(615.0,188.0) (604.0,249.0)
6	[(641,179)(654,118)(633,325)(574,149)(574,170)] [(606,234)(605,249)(605,249)]	(615.0,188.0) (604.0,249.0)
7	[(641,179)(654,118)(633,325)(574,149)(574,170)] [(606,234)(605,249)(604,249)]	(615.0,188.0) (604.0,249.0)
7	[(641,179)(654,118)(633,325)(574,149)(574,170)] [(606,234)(605,249)(604,249)]	(615.0,188.0) (604.0,249.0)
8	[(643,170)(658,117)(633,335)(564,151)(562,170)] [(604,243)(604,249)(594,249)]	(612.0,188.0) (0.0,0.0)
8	[(643,162)(663,122)(633,345)(558,157)(554,170)] [(604,248)(604,249)(594,249)]	(610.0,191.0) (0.0,0.0)
9	[(643,160)(665,124)(633,345)(558,157)(554,170)] [(604,249)(604,249)(594,249)]	(610.0,191.0) (0.0,0.0)
9	[(643,160)(665,124)(633,345)(558,157)(554,170)] [(604,249)(604,249)(594,249)]	(610.0,191.0) (0.0,0.0)
10	[(644,151)(674,128)(633,355)(550,162)(544,170)] [(604,249)(604,249)(584,249)]	(609.0,193.0) (0.0,0.0)
10	[(644,151)(674,128)(633,355)(550,162)(543,170)] [(604,249)(604,249)(584,249)]	(608.0,193.0) (0.0,0.0)
11	[(651,144)(685,128)(633,365)(539,162)(534,170)] [(604,249)(604,249)(574,249)]	(608.0,193.0) (0.0,0.0)
11	[(651,144)(685,128)(633,365)(539,162)(534,170)] [(604,249)(604,249)(574,249)]	(608.0,193.0) (0.0,0.0)
11	[(658,137)(694,128)(633,375)(530,161)(524,170)] [(604,249)(604,249)(574,249)]	(607.0,194.0) (0.0,0.0)
12	[(658,137)(695,128)(633,375)(530,161)(524,170)] [(604,249)(604,249)(574,249)]	(608.0,194.0) (0.0,0.0)
12	[(658,137)(695,128)(633,375)(530,161)(524,170)] [(604,249)(604,249)(574,249)]	(608.0,194.0) (0.0,0.0)
12	[(658,137)(695,128)(633,375)(530,161)(524,170)] [(604,249)(604,249)(574,249)]	(608.0,194.0) (0.0,0.0)
13	[(665,130)(704,129)(633,385)(521,159)(514,170)] [(604,249)(604,249)(574,249)]	(607.0,194.0) (0.0,0.0)
13	[(665,130)(704,129)(633,385)(521,159)(514,170)] [(604,249)(604,249)(574,249)]	(607.0,194.0) (0.0,0.0)
13	[(669,126)(709,130)(633,385)(521,159)(513,170)] [(604,249)(604,249)(574,249)]	(608.0,194.0) (0.0,0.0)
14	[(673,125)(706,127)(633,396)(511,158)(503,170)] [(604,249)(604,249)(574,249)]	(605.0,195.0) (612.0,167.0)
14	[(673,125)(706,127)(633,396)(511,158)(503,170)] [(604,249)(604,249)(574,249)]	(605.0,195.0) (612.0,167.0)
14	[(678,125)(703,124)(633,397)(511,158)(503,170)] [(604,249)(604,249)(575,249)]	(605.0,195.0) (612.0,167.0)
23	[(637,127)(611,169)(629,135)(605,478)(441,162)(424,149)] [(612,168)(612,196)]	(558.0,203.0) (612.0,167.0)
24	[(631,133)(604,174)(622,128)(601,484)(434,162)(424,145)] [(612,167)(612,188)]	(552.0,204.0) (612.0,167.0)
28	[(597,123)(563,174)(589,100)(571,508)(401,168)(394,168)(626,223)] [(612,137)]	(535.0,209.0) (612.0,167.0)
30	[(578,104)(534,174)(564,100)(552,527)(372,168)(368,167)(626,252)] [(612,166)]	(513.0,213.0) (612.0,167.0)
31	[(578,104)(534,174)(563,100)(554,525)(371,168)(368,167)(626,252)] [(612,167)]	(513.0,212.0) (612.0,167.0)
35	[(535,89)(485,176)(572,75)(567,501)(367,149)(391,155)(629,301)] [(612,195)]	(506.0,206.0) (612.0,167.0)
37	[(552,100)(465,176)(582,75)(549,501)(350,150)(406,168)(629,321)] [(612,168)]	(504.0,213.0) (612.0,167.0)
38	[(552,100)(464,176)(575,82)(547,501)(348,147)(406,168)(629,322)] [(612,167)]	(503.0,213.0) (612.0,167.0)
42	[(524,101)(425,174)(546,109)(507,502)(356,113)(445,174)(629,363)] [(612,137)]	(490.0,219.0) (612.0,167.0)
44	[(501,104)(396,174)(516,109)(489,506)(372,91)(463,175)(629,391)] [(612,166)]	(480.0,221.0) (612.0,167.0)
45	[(501,104)(396,174)(515,109)(496,513)(372,91)(473,176)(629,391)] [(612,167)]	(483.0,222.0) (612.0,167.0)
49	[(505,92)(359,164)(483,86)(484,536)(390,97)(514,174)(614,433)] [(608,194)]	(479.0,224.0) (612.0,167.0)
51	[(480,97)(336,164)(472,97)(484,557)(413,91)(541,174)(614,455)] [(612,168)]	(477.0,233.0) (612.0,167.0)
52	[(479,97)(329,164)(471,97)(480,552)(413,91)(543,174)(614,460)] [(612,167)]	(475.0,232.0) (612.0,167.0)
2	[(620,180)(618,140)(619,159)] [(620,240)(620,220)(620,200)(620,260)(620,280)]	(619.0,159.0) null
2	[(620,180)(618,140)(619,159)] [(620,240)(620,220)(620,200)(620,260)(620,280)]	(619.0,159.0) null
2	[(620,180)(618,140)(619,159)] [(620,240)(620,220)(620,200)(620,260)(620,280)]	(619.0,159.0) null
2	[(619,179)(618,140)(619,159)] [(620,240)(620,220)(620,200)(620,260)(620,280)]	(618.0,159.0) null
3	[(613,173)(621,132)(612,154)(627,287)] [(620,240)(620,220)(620,200)(620,260)]	(618.0,186.0) null
3	[(613,173)(621,132)(612,154)(627,287)] [(620,240)(620,220)(620,200)(620,260)]	(618.0,186.0) null
3	[(613,173)(621,132)(612,154)(627,287)] [(620,240)(620,220)(620,200)(620,260)]	(618.0,186.0) null
3	[(613,173)(621,132)(612,154)(627,287)] [(620,240)(620,220)(620,200)(620,260)]	(618.0,186.0) null
4	[(620,200)(604,170)(628,126)(601,154)(633,295)] [(620,240)(620,220)(620,260)]	(617.0,189.0) null
4	[(621,199)(604,170)(628,126)(601,154)(633,295)] [(620,240)(620,220)(620,260)]	(617.0,188.0) null
4	[(621,199)(604,170)(628,126)(601,154)(633,295)] [(620,240)(620,220)(620,260)]	(617.0,188.0) null
5	[(627,193)(593,170)(639,126)(591,153)(633,305)] [(620,240)(620,220)(620,260)]	(616.0,189.0) (604.0,249.0)
5	[(629,191)(592,170)(640,126)(589,153)(633,305)] [(620,240)(619,221)(620,260)]	(616.0,189.0) (604.0,249.0)
5	[(631,189)(591,170)(641,126)(589,153)(633,307)] [(619,241)(619,221)(620,260)]	(617.0,189.0) (604.0,249.0)
6	[(641,179)(574,170)(654,118)(574,149)(633,325)] [(605,249)(606,234)(605,249)]	(615.0,188.0) (604.0,249.0)
6	[(641,179)(574,170)(654,118)(574,149)(633,325)] [(604,249)(606,234)(605,249)]	(615.0,188.0) (604.0,249.0)
7	[(641,179)(574,170)(654,118)(574,149)(633,325)] [(604,249)(606,234)(605,249)]	(615.0,188.0) (604.0,249.0)
7	[(641,179)(574,170)(654,118)(574,149)(633,325)] [(604,249)(606,234)(605,249)]	(615.0,188.0) (604.0,249.0)
8	[(643,170)(563,170)(658,117)(564,151)(633,335)] [(595,253)(604,243)(604,249)]	(612.0,188.0) (0.0,0.0)
8	[(643,160)(554,170)(664,123)(558,157)(633,345)] [(595,253)(604,248)(604,249)]	(610.0,191.0) (0.0,0.0)
9	[(643,160)(554,170)(665,124)(558,157)(633,345)] [(595,253)(604,249)(604,249)]	(610.0,191.0) (0.0,0.0)
9	[(643,159)(553,170)(665,124)(558,157)(633,345)] [(595,253)(604,249)(604,249)]	(610.0,191.0) (0.0,0.0)
10	[(644,151)(544,170)(674,128)(550,162)(633,355)] [(586,257)(604,249)(604,249)]	(609.0,193.0) (0.0,0.0)
10	[(644,151)(543,170)(675,128)(550,162)(633,356)] [(577,261)(604,249)(604,249)]	(609.0,193.0) (0.0,0.0)
11	[(651,144)(534,170)(685,128)(539,162)(633,365)] [(577,261)(604,249)(604,249)]	(608.0,193.0) (0.0,0.0)
11	[(651,144)(533,170)(685,128)(539,162)(633,365)] [(577,261)(604,249)(604,249)]	(608.0,193.0) (0.0,0.0)
11	[(658,137)(524,170)(694,128)(530,161)(633,375)] [(577,261)(604,249)(604,249)]	(607.0,194.0) (0.0,0.0)
12	[(658,137)(524,170)(695,128)(530,161)(633,375)] [(577,261)(604,249)(604,249)]	(608.0,194.0) (0.0,0.0)
12	[(658,137)(524,170)(695,128)(530,161)(633,375)] [(577,261)(604,249)(604,249)]	(608.0,194.0) (0.0,0.0)
12	[(658,137)(524,170)(695,128)(530,161)(633,375)] [(577,261)(604,249)(604,249)]	(608.0,194.0) (0.0,0.0)
13	[(665,130)(514,170)(704,129)(521,159)(633,385)] [(577,261)(604,249)(604,249)]	(607.0,194.0) (0.0,0.0)
13	[(665,130)(514,170)(704,129)(521,159)(633,385)] [(577,261)(604,249)(604,249)]	(607.0,194.0) (0.0,0.0)
13	[(669,126)(513,170)(709,130)(521,159)(633,385)] [(577,261)(604,249)(604,249)]	(609.0,194.0) (0.0,0.0)
14	[(673,125)(503,170)(706,127)(511,158)(633,395)] [(577,261)(604,249)(604,249)]	(605.0,195.0) (612.0,166.0)
14	[(673,125)(503,170)(706,127)(511,158)(633,395)] [(577,261)(604,249)(604,249)]	(605.0,195.0) (612.0,166.0)
14	[(678,125)(503,170)(703,124)(511,158)(633,397)] [(577,261)(604,249)(604,249)]	(605.0,195.0) (612.0,166.0)
23	[(611,168)(636,128)(424,147)(629,135)(442,162)(606,477)] [(612,197)(612,167)]	(558.0,202.0) (612.0,167.0)
27	[(626,222)(566,174)(599,125)(395,168)(594,100)(402,168)(571,508)] [(612,137)]	(536.0,209.0) (612.0,167.0)
29	[(626,244)(546,174)(585,111)(375,168)(574,100)(382,168)(557,522)] [(612,166)]	(520.0,212.0) (612.0,167.0)
30	[(626,244)(546,174)(585,111)(375,168)(573,100)(381,168)(557,522)] [(612,167)]	(520.0,212.0) (612.0,167.0)
34	[(629,286)(504,176)(548,90)(377,141)(558,79)(377,139)(581,512)] [(624,194)]	(510.0,203.0) (612.0,167.0)
37	[(629,323)(467,176)(552,100)(406,168)(575,82)(348,147)(547,501)] [(612,168)]	(503.0,213.0) (612.0,167.0)
38	[(629,323)(467,176)(552,100)(406,168)(575,82)(348,147)(547,501)] [(612,167)]	(503.0,213.0) (612.0,167.0)
42	[(629,364)(427,174)(525,101)(445,174)(546,109)(356,113)(506,502)] [(599,145)]	(490.0,219.0) (612.0,167.0)
44	[(629,393)(398,174)(501,104)(463,175)(516,109)(372,91)(489,506)] [(612,166)]	(481.0,221.0) (612.0,167.0)
45	[(629,396)(397,174)(501,104)(473,176)(515,109)(375,88)(499,516)] [(612,167)]	(483.0,222.0) (612.0,167.0)
49	[(614,436)(356,164)(500,97)(522,174)(476,85)(396,97)(484,544)] [(612,197)]	(478.0,228.0) (612.0,167.0)
51	[(614,456)(338,164)(480,97)(542,174)(472,97)(413,91)(484,557)] [(612,168)]	(477.0,233.0) (612.0,167.0)
52	[(614,457)(332,164)(480,97)(542,174)(472,97)(413,91)(480,552)] [(612,167)]	(476.0,233.0) (612.0,167.0)
2	[(618,140)(620,180)(619,159)] [(620,260)(620,240)(620,280)(620,200)(620,220)]	(619.0,159.0) null
2	[(618,140)(620,180)(619,159)] [(620,260)(620,240)(620,280)(620,200)(620,220)]	(619.0,159.0) null
2	[(618,140)(620,180)(619,159)] [(620,260)(620,240)(620,280)(620,200)(620,220)]	(619.0,159.0) null
2	[(618,140)(620,180)(619,159)] [(620,260)(620,240)(620,280)(620,200)(620,220)]	(619.0,159.0) null
3	[(627,287)(621,132)(613,173)(612,154)] [(620,260)(620,240)(620,200)(620,220)]	(618.0,186.0) null
3	[(627,287)(621,132)(613,173)(612,154)] [(620,260)(620,240)(620,200)(620,220)]	(618.0,186.0) null
3	[(627,287)(621,132)(613,173)(612,154)] [(620,260)(620,240)(620,200)(620,220)]	(618.0,186.0) null
3	[(627,287)(621,132)(613,173)(612,154)] [(620,260)(620,240)(620,200)(620,220)]	(618.0,186.0) null
4	[(633,295)(628,126)(604,170)(601,154)(620,200)] [(620,260)(620,240)(620,220)]	(617.0,189.0) null
4	[(633,295)(628,126)(604,170)(601,154)(620,200)] [(620,260)(620,240)(620,220)]	(617.0,189.0) null
4	[(633,296)(628,126)(604,170)(601,154)(621,199)] [(620,260)(620,240)(620,220)]	(617.0,189.0) null
5	[(633,306)(639,126)(593,170)(591,153)(627,193)] [(620,260)(620,240)(620,220)]	(617.0,189.0) (604.0,249.0)
5	[(633,306)(639,126)(593,170)(591,153)(627,193)] [(620,260)(620,240)(620,220)]	(616.0,189.0) (604.0,249.0)
5	[(633,307)(640,126)(592,170)(590,153)(630,190)] [(619,259)(619,241)(620,220)]	(617.0,189.0) (604.0,249.0)
6	[(633,325)(654,118)(574,170)(574,149)(641,179)] [(606,249)(605,249)(606,234)]	(615.0,188.0) (604.0,249.0)
6	[(633,325)(654,118)(574,170)(574,149)(641,179)] [(605,249)(604,249)(606,234)]	(615.0,188.0) (604.0,249.0)
7	[(633,325)(654,118)(574,170)(574,149)(641,179)] [(605,249)(604,249)(606,234)]	(615.0,188.0) (604.0,249.0)
7	[(633,325)(654,118)(574,170)(574,149)(641,179)] [(605,249)(604,249)(606,234)]	(615.0,188.0) (604.0,249.0)
8	[(633,335)(658,117)(563,170)(565,150)(643,170)] [(604,249)(604,249)(604,243)]	(612.0,188.0) (0.0,0.0)
8	[(633,345)(662,121)(554,170)(558,157)(643,161)] [(604,249)(594,249)(604,248)]	(610.0,190.0) (0.0,0.0)
9	[(633,345)(665,124)(554,170)(558,157)(643,160)] [(604,249)(594,249)(604,249)]	(610.0,191.0) (0.0,0.0)
9	[(633,345)(665,124)(553,170)(558,157)(643,159)] [(604,249)(594,249)(604,249)]	(610.0,191.0) (0.0,0.0)
10	[(633,355)(674,128)(544,170)(550,162)(644,151)] [(604,249)(584,249)(604,249)]	(609.0,193.0) (0.0,0.0)
10	[(633,355)(674,128)(544,170)(550,162)(644,151)] [(604,249)(584,249)(604,249)]	(609.0,193.0) (0.0,0.0)
11	[(633,365)(685,128)(534,170)(539,162)(651,144)] [(604,249)(574,249)(604,249)]	(608.0,193.0) (0.0,0.0)
11	[(633,365)(685,128)(534,170)(539,162)(651,144)] [(604,249)(574,249)(604,249)]	(608.0,193.0) (0.0,0.0)
11	[(633,375)(694,128)(524,170)(530,161)(658,137)] [(604,249)(574,249)(604,249)]	(607.0,194.0) (0.0,0.0)
12	[(633,375)(695,128)(524,170)(530,161)(658,137)] [(604,249)(574,249)(604,249)]	(608.0,194.0) (0.0,0.0)
12	[(633,375)(695,128)(524,170)(530,161)(658,137)] [(604,249)(574,249)(604,249)]	(608.0,194.0) (0.0,0.0)
12	[(633,375)(695,128)(524,170)(530,161)(658,137)] [(604,249)(574,249)(604,249)]	(608.0,194.0) (0.0,0.0)
13	[(633,385)(704,129)(514,170)(521,159)(665,130)] [(604,249)(574,249)(604,249)]	(607.0,194.0) (0.0,0.0)
13	[(633,385)(704,129)(514,170)(521,159)(665,130)] [(604,249)(574,249)(604,249)]	(607.0,194.0) (0.0,0.0)
13	[(633,385)(704,129)(514,170)(521,159)(665,130)] [(604,249)(574,249)(604,249)]	(607.0,194.0) (0.0,0.0)
14	[(633,396)(706,127)(503,170)(511,158)(673,125)] [(604,249)(574,249)(604,249)]	(605.0,195.0) (612.0,167.0)
14	[(633,396)(706,127)(503,170)(511,158)(673,125)] [(604,249)(574,249)(604,249)]	(605.0,195.0) (612.0,167.0)
14	[(633,396)(706,127)(503,170)(511,158)(673,125)] [(604,249)(574,249)(604,249)]	(605.0,195.0) (612.0,167.0)
23	[(607,476)(629,135)(424,154)(443,162)(637,127)(611,169)] [(612,168)(612,197)]	(558.0,203.0) (612.0,167.0)
24	[(601,484)(622,128)(424,145)(434,162)(631,133)(604,174)] [(612,167)(612,188)]	(552.0,204.0) (612.0,167.0)
28	[(626,223)(571,508)(591,100)(395,168)(402,168)(597,123)(563,174)] [(612,137)]	(535.0,209.0) (612.0,167.0)
30	[(626,252)(552,527)(564,100)(368,167)(372,168)(578,104)(534,174)] [(612,166)]	(513.0,213.0) (612.0,167.0)
31	[(626,252)(554,525)(563,100)(368,167)(372,168)(578,104)(534,174)] [(612,167)]	(513.0,212.0) (612.0,167.0)
35	[(629,301)(567,501)(572,75)(391,155)(367,149)(535,89)(485,176)] [(612,197)]	(506.0,206.0) (612.0,167.0)
37	[(629,321)(548,501)(582,75)(406,168)(349,150)(552,100)(465,176)] [(612,168)]	(504.0,213.0) (612.0,167.0)
38	[(629,321)(547,501)(575,82)(406,168)(348,147)(552,100)(465,176)] [(612,167)]	(503.0,213.0) (612.0,167.0)
42	[(629,366)(506,502)(545,109)(447,174)(357,112)(521,101)(423,174)] [(612,137)]	(489.0,219.0) (612.0,167.0)
44	[(629,391)(489,506)(516,109)(463,175)(372,91)(501,104)(396,174)] [(612,166)]	(480.0,221.0) (612.0,167.0)
45	[(629,391)(496,513)(515,109)(473,176)(372,91)(501,104)(396,174)] [(612,167)]	(483.0,222.0) (612.0,167.0)
49	[(614,435)(484,544)(482,85)(515,174)(392,97)(505,92)(359,164)] [(612,197)]	(479.0,224.0) (612.0,167.0)
51	[(614,455)(484,557)(472,97)(542,174)(413,91)(480,97)(336,164)] [(612,168)]	(477.0,233.0) (612.0,167.0)
52	[(614,456)(480,552)(472,97)(543,174)(413,91)(479,97)(329,164)] [(612,167)]	(475.0,232.0) (612.0,167.0)
2	[(620,180)(618,140)(619,159)] [(620,220)(620,260)(620,200)(620,280)(620,240)]	(619.0,159.0) null
2	[(620,180)(618,140)(619,159)] [(620,220)(620,260)(620,200)(620,280)(620,240)]	(619.0,159.0) null
2	[(620,180)(618,140)(619,159)] [(620,220)(620,260)(620,200)(620,280)(620,240)]	(619.0,159.0) null
2	[(619,179)(618,140)(619,159)] [(620,220)(620,260)(620,200)(620,280)(620,240)]	(618.0,159.0) null
3	[(613,173)(627,287)(621,132)(612,154)] [(620,220)(620,260)(620,200)(620,240)]	(618.0,186.0) null
3	[(613,173)(627,287)(621,132)(612,154)] [(620,220)(620,260)(620,200)(620,240)]	(618.0,186.0) null
3	[(613,173)(627,287)(621,132)(612,154)] [(620,220)(620,260)(620,200)(620,240)]	(618.0,186.0) null
3	[(613,173)(627,287)(621,132)(612,154)] [(620,220)(620,260)(620,200)(620,240)]	(618.0,186.0) null
4	[(604,170)(620,200)(633,295)(628,126)(601,154)] [(620,220)(620,260)(620,240)]	(617.0,189.0) null
4	[(604,170)(620,200)(633,295)(628,126)(601,154)] [(620,220)(620,260)(620,240)]	(617.0,189.0) null
4	[(604,170)(620,200)(633,295)(628,126)(601,154)] [(620,220)(620,260)(620,240)]	(617.0,189.0) null
5	[(593,170)(627,193)(633,305)(639,126)(591,153)] [(620,220)(620,260)(620,240)]	(616.0,189.0) (604.0,249.0)
5	[(593,170)(627,193)(633,305)(639,126)(591,153)] [(620,220)(620,260)(620,240)]	(616.0,189.0) (604.0,249.0)
5	[(593,170)(627,193)(633,305)(639,126)(590,153)] [(620,220)(620,260)(620,240)]	(616.0,189.0) (604.0,249.0)
6	[(574,170)(641,179)(633,325)(654,118)(574,149)] [(606,234)(606,249)(605,249)]	(615.0,188.0) (604.0,249.0)
6	[(574,170)(641,179)(633,325)(654,118)(574,149)] [(606,234)(605,249)(604,249)]	(615.0,188.0) (604.0,249.0)
7	[(573,170)(643,177)(633,325)(654,113)(571,149)] [(606,234)(605,249)(604,249)]	(614.0,186.0) (604.0,249.0)
7	[(572,170)(643,176)(633,325)(654,113)(570,148)] [(606,234)(605,249)(604,249)]	(614.0,186.0) (604.0,249.0)
8	[(562,170)(643,168)(633,335)(659,118)(563,152)] [(604,243)(604,249)(594,249)]	(612.0,188.0) (0.0,0.0)
8	[(554,170)(643,160)(633,345)(665,124)(558,157)] [(604,248)(604,249)(594,249)]	(610.0,191.0) (0.0,0.0)
9	[(554,170)(643,160)(633,345)(665,124)(558,157)] [(604,249)(604,249)(594,249)]	(610.0,191.0) (0.0,0.0)
9	[(553,170)(643,159)(633,345)(665,124)(558,157)] [(604,249)(604,249)(594,249)]	(610.0,191.0) (0.0,0.0)
10	[(544,170)(644,151)(633,355)(674,128)(550,162)] [(604,249)(604,249)(584,249)]	(609.0,193.0) (0.0,0.0)
10	[(543,170)(646,149)(633,355)(677,128)(550,162)] [(604,249)(604,249)(575,245)]	(609.0,193.0) (0.0,0.0)
11	[(534,170)(651,144)(633,365)(685,128)(540,162)] [(604,249)(604,249)(575,245)]	(608.0,193.0) (0.0,0.0)
11	[(534,170)(651,144)(633,365)(685,128)(539,162)] [(604,249)(604,249)(575,245)]	(608.0,193.0) (0.0,0.0)
11	[(524,170)(658,137)(633,375)(694,128)(530,161)] [(604,249)(604,249)(575,245)]	(607.0,194.0) (0.0,0.0)
12	[(522,170)(663,132)(633,375)(704,129)(528,161)] [(604,249)(604,249)(575,245)]	(610.0,193.0) (0.0,0.0)
12	[(521,170)(665,130)(633,375)(704,129)(527,161)] [(604,249)(604,249)(575,245)]	(610.0,193.0) (0.0,0.0)
12	[(521,170)(665,130)(633,375)(704,129)(527,161)] [(604,249)(604,249)(575,245)]	(610.0,193.0) (0.0,0.0)
13	[(514,170)(665,130)(633,385)(704,129)(521,159)] [(604,249)(604,249)(575,245)]	(607.0,194.0) (0.0,0.0)
13	[(514,170)(665,130)(633,385)(704,129)(521,159)] [(604,249)(604,249)(575,245)]	(607.0,194.0) (0.0,0.0)
13	[(514,170)(665,130)(633,385)(704,129)(521,159)] [(604,249)(604,249)(575,245)]	(607.0,194.0) (0.0,0.0)
14	[(503,170)(673,125)(633,396)(706,127)(511,158)] [(604,249)(604,249)(575,245)]	(605.0,195.0) (612.0,167.0)
14	[(503,170)(676,125)(633,397)(704,125)(511,158)] [(604,249)(604,249)(575,245)]	(605.0,195.0) (612.0,167.0)
14	[(503,170)(676,125)(633,397)(704,125)(511,158)] [(604,249)(604,249)(575,245)]	(605.0,195.0) (612.0,167.0)
23	[(424,152)(611,169)(637,127)(606,477)(629,135)(441,162)] [(612,168)(612,200)]	(558.0,203.0) (612.0,167.0)
24	[(424,145)(604,174)(631,133)(601,484)(622,128)(434,162)] [(612,167)(612,190)]	(552.0,204.0) (612.0,167.0)
28	[(394,168)(562,174)(597,123)(571,508)(626,225)(590,100)(401,168)] [(612,137)]	(535.0,209.0) (612.0,167.0)
30	[(368,167)(534,174)(578,104)(552,527)(626,254)(564,100)(372,168)] [(612,166)]	(513.0,213.0) (612.0,167.0)
31	[(368,167)(534,174)(578,104)(554,525)(626,254)(563,100)(372,168)] [(612,167)]	(513.0,213.0) (612.0,167.0)
35	[(391,155)(485,176)(535,89)(567,501)(629,303)(572,75)(366,150)] [(616,196)]	(506.0,207.0) (612.0,167.0)
38	[(407,168)(464,176)(554,101)(546,501)(629,327)(572,85)(348,146)] [(612,168)]	(503.0,214.0) (612.0,167.0)
39	[(414,173)(456,175)(556,101)(537,502)(629,333)(568,89)(348,137)] [(612,167)]	(501.0,215.0) (612.0,167.0)
43	[(455,174)(416,174)(515,101)(497,502)(629,375)(535,109)(362,107)] [(620,139)]	(487.0,220.0) (612.0,167.0)
46	[(493,176)(380,164)(511,88)(506,518)(629,413)(499,102)(379,84)] [(612,166)]	(485.0,220.0) (612.0,167.0)
47	[(493,176)(380,164)(511,88)(500,524)(629,413)(499,102)(372,91)] [(612,167)]	(483.0,222.0) (612.0,167.0)
51	[(533,174)(339,164)(489,97)(484,557)(614,453)(471,87)(405,95)] [(623,193)]	(476.0,231.0) (612.0,167.0)
54	[(561,171)(309,164)(457,97)(480,529)(612,477)(449,97)(413,87)] [(612,168)]	(469.0,231.0) (611.0,167.0)
2	[(620,170)(618,140)(619,154)] [(620,215)(620,260)(620,245)(620,230)(620,200)(620,185)]	(619.0,154.0) null
2	[(620,170)(618,140)(619,154)] [(620,215)(620,260)(620,245)(620,230)(620,200)(620,185)]	(619.0,154.0) null
2	[(620,170)(618,140)(619,154)] [(620,215)(620,260)(620,245)(620,230)(620,200)(620,185)]	(619.0,154.0) null
2	[(620,170)(618,140)(619,154)] [(620,215)(620,260)(620,245)(620,230)(620,200)(620,185)]	(619.0,154.0) null
2	[(620,170)(618,140)(619,154)] [(620,215)(620,260)(620,245)(620,230)(620,200)(620,185)]	(619.0,154.0) null
3	[(627,267)(612,165)(621,132)(610,154)] [(620,215)(620,245)(620,230)(620,200)(620,185)]	(617.0,179.0) null
3	[(627,267)(612,165)(621,132)(610,154)] [(620,215)(620,245)(620,230)(620,200)(620,185)]	(617.0,179.0) null
3	[(627,267)(612,165)(621,132)(610,154)] [(620,215)(620,245)(620,230)(620,200)(620,185)]	(617.0,179.0) null
3	[(627,267)(612,165)(621,132)(610,154)] [(620,215)(620,245)(620,230)(620,200)(620,185)]	(617.0,179.0) null
3	[(627,267)(612,165)(621,132)(610,154)] [(620,215)(620,245)(620,230)(620,200)(620,185)]	(617.0,179.0) null
4	[(633,280)(595,165)(638,126)(620,185)(592,154)] [(620,215)(620,245)(620,230)(620,200)]	(615.0,182.0) null
4	[(633,280)(595,165)(638,126)(620,185)(592,154)] [(620,215)(620,245)(620,230)(620,200)]	(615.0,182.0) null
4	[(633,280)(595,165)(638,126)(620,185)(592,154)] [(620,215)(620,245)(620,230)(620,200)]	(615.0,182.0) null
4	[(633,280)(595,165)(638,126)(620,185)(592,154)] [(620,215)(620,245)(620,230)(620,200)]	(615.0,182.0) null
5	[(633,285)(591,165)(639,126)(625,177)(590,153)] [(620,215)(620,245)(620,230)(620,200)]	(615.0,181.0) (604.0,249.0)
5	[(633,285)(591,165)(639,126)(625,177)(590,153)] [(620,215)(620,245)(620,230)(620,200)]	(615.0,181.0) (604.0,249.0)
5	[(633,285)(591,165)(639,126)(625,177)(590,153)] [(620,215)(620,245)(620,230)(620,200)]	(615.0,181.0) (604.0,249.0)
5	[(633,285)(591,165)(639,126)(625,177)(590,153)] [(619,216)(620,245)(619,231)(619,201)]	(615.0,181.0) (604.0,249.0)
6	[(633,305)(572,165)(655,119)(625,158)(573,148)] [(606,229)(605,249)(608,242)(606,214)]	(611.0,179.0) (604.0,249.0)
7	[(633,305)(570,165)(656,113)(625,155)(570,146)] [(606,229)(604,249)(606,244)(606,214)]	(610.0,176.0) (604.0,249.0)
7	[(633,315)(562,165)(657,114)(625,148)(567,145)] [(604,235)(604,249)(604,248)(604,222)]	(608.0,177.0) (0.0,0.0)
8	[(633,315)(560,165)(659,116)(625,145)(563,149)] [(604,238)(604,249)(604,249)(604,223)]	(608.0,178.0) (0.0,0.0)
9	[(633,325)(551,165)(666,123)(626,138)(558,154)] [(604,248)(594,249)(604,249)(604,233)]	(606.0,181.0) (0.0,0.0)
9	[(633,325)(551,165)(666,123)(626,138)(556,156)] [(604,248)(594,249)(604,249)(604,234)]	(606.0,181.0) (0.0,0.0)
10	[(633,335)(542,165)(674,128)(633,131)(551,161)] [(604,249)(584,249)(604,249)(604,243)]	(606.0,184.0) (0.0,0.0)
