PB
1;[620,140];9;
1;[620,160];11;
1;[620,180];11;
1;[620,200];9;
1;[618,140];4;
1;[566,147];3;
1;[634,354];3;
1;[427,170];2;
1;[568,232];1;
1;[527,273];1;
1;[511,190];2;
1;[466,191];2;
1;[462,161];2;
1;[558,200];2;
1;[584,184];4;
1;[513,158];2;

PB
1;[620,140];9;
1;[620,160];11;
1;[620,180];11;
1;[620,200];9;
1;[618,140];4;
1;[566,147];3;
1;[634,354];3;
1;[427,170];2;
1;[568,232];1;
1;[527,273];1;
1;[511,190];2;
1;[466,191];2;
1;[462,161];2;
1;[558,200];2;
1;[584,184];4;
1;[513,158];2;

PB
2;[620,140];9;
2;[620,160];11;
2;[620,180];11;
2;[620,200];9;
2;[618,140];4;
2;[566,147];3;
2;[634,354];3;
2;[427,170];2;
2;[568,232];1;
2;[527,273];1;
2;[511,190];2;
2;[466,191];2;
2;[462,161];2;
2;[558,200];2;
2;[584,184];4;
2;[513,158];2;

PB
1;[620,140];9;
1;[620,160];11;
1;[620,180];11;
1;[620,200];9;
1;[634,354];3;
1;[568,232];1;
1;[618,140];4;
1;[427,170];2;
1;[558,200];2;
1;[527,273];1;
1;[511,190];2;
1;[466,191];2;
1;[462,161];2;
1;[566,147];3;
1;[513,158];2;
1;[584,184];4;

PB
1;[620,140];9;
1;[620,160];11;
1;[620,180];11;
1;[620,200];9;
1;[634,354];3;
1;[568,232];1;
1;[618,140];4;
1;[427,170];2;
1;[558,200];2;
1;[527,273];1;
1;[511,190];2;
1;[466,191];2;
1;[462,161];2;
1;[566,147];3;
1;[513,158];2;
1;[584,184];4;

PB
1;[620,140];9;
1;[620,160];11;
1;[620,180];11;
1;[620,200];9;
1;[618,140];4;
1;[568,232];1;
1;[634,354];3;
1;[427,170];2;
1;[566,147];3;
1;[527,273];1;
1;[511,190];2;
1;[466,191];2;
1;[462,161];2;
1;[558,200];2;
1;[513,158];2;
1;[584,184];4;

PB
1;[620,140];9;
1;[620,160];11;
1;[620,180];11;
1;[620,200];9;
1;[618,140];4;
1;[568,232];1;
1;[634,354];3;
1;[427,170];2;
1;[566,147];3;
1;[527,273];1;
1;[511,190];2;
1;[466,191];2;
1;[462,161];2;
1;[558,200];2;
1;[513,158];2;
1;[584,184];4;

PB
1;[620,140];9;
1;[620,160];11;
1;[620,180];11;
1;[620,200];9;
1;[618,140];4;
1;[566,147];3;
1;[634,354];3;
1;[427,170];2;
1;[568,232];1;
1;[527,273];1;
1;[511,190];2;
1;[466,191];2;
1;[462,161];2;
1;[558,200];2;
1;[584,184];4;
1;[513,158];2;

PB
1;[620,140];9;
1;[620,160];11;
1;[620,180];11;
1;[620,200];9;
1;[618,140];4;
1;[566,147];3;
1;[634,354];3;
1;[427,170];2;
1;[568,232];1;
1;[527,273];1;
1;[511,190];2;
1;[466,191];2;
1;[462,161];2;
1;[558,200];2;
1;[584,184];4;
1;[513,158];2;

PB
2;[620,140];9;
2;[620,160];11;
2;[620,180];11;
2;[620,200];9;
2;[618,140];4;
2;[566,147];3;
2;[634,354];3;
2;[427,170];2;
2;[568,232];1;
2;[527,273];1;
2;[511,190];2;
2;[466,191];2;
2;[462,161];2;
2;[558,200];2;
2;[584,184];4;
2;[513,158];2;

PB
1;[620,140];9;
1;[620,160];11;
1;[620,180];11;
1;[620,200];9;
1;[618,140];4;
1;[566,147];3;
1;[634,354];3;
1;[427,170];2;
1;[568,232];1;
1;[527,273];1;
1;[511,190];2;
1;[466,191];2;
1;[462,161];2;
1;[558,200];2;
1;[584,184];4;
1;[513,158];2;

PB
1;[620,140];9;
1;[620,160];11;
1;[620,180];11;
1;[620,200];9;
1;[618,140];4;
1;[566,147];3;
1;[634,354];3;
1;[427,170];2;
1;[568,232];1;
1;[527,273];1;
1;[511,190];2;
1;[466,191];2;
1;[462,161];2;
1;[558,200];2;
1;[584,184];4;
1;[513,158];2;

PB
1;[620,140];9;
1;[620,160];11;
1;[620,180];11;
1;[620,200];9;
1;[618,140];4;
1;[568,232];1;
1;[634,354];3;
1;[427,170];2;
1;[566,147];3;
1;[527,273];1;
1;[511,190];2;
1;[466,191];2;
1;[462,161];2;
1;[558,200];2;
1;[513,158];2;
1;[584,184];4;

PB
1;[620,140];9;
1;[620,160];11;
1;[620,180];11;
1;[620,200];9;
1;[618,140];4;
1;[568,232];1;
1;[634,354];3;
1;[427,170];2;
1;[566,147];3;
1;[527,273];1;
1;[511,190];2;
1;[466,191];2;
1;[462,161];2;
1;[558,200];2;
1;[513,158];2;
1;[584,184];4;

PB
2;[620,140];9;
2;[620,160];11;
2;[620,180];11;
2;[620,200];9;
2;[618,140];4;
2;[568,232];1;
2;[634,354];3;
2;[427,170];2;
2;[566,147];3;
2;[527,273];1;
2;[511,190];2;
2;[466,191];2;
2;[462,161];2;
2;[558,200];2;
2;[513,158];2;
2;[584,184];4;

PB
3;[620,140];12;
3;[620,160];12;
3;[620,180];8;
3;[620,200];9;
3;[568,232];1;
3;[634,354];4;
3;[527,273];1;
3;[511,190];2;
3;[466,191];2;
3;[558,200];2;
3;[668,125];4;
3;[561,102];2;
3;[552,71];2;
3;[582,139];4;
3;[413,173];0;
3;[511,156];2;
3;[653,112];4;
3;[463,159];0;
3;[602,182];9;

PB
3;[620,140];13;
3;[620,160];13;
3;[620,180];9;
3;[620,200];10;
3;[568,232];1;
3;[634,354];5;
3;[527,273];1;
3;[511,190];2;
3;[466,191];3;
3;[558,200];2;
3;[668,125];5;
3;[561,102];3;
3;[552,71];3;
3;[582,139];5;
3;[413,173];1;
3;[511,156];3;
3;[653,112];4;
3;[463,159];1;
3;[602,182];10;
3;[597,180];14;

PB
4;[620,140];13;
4;[620,160];10;
4;[620,180];9;
4;[620,200];10;
4;[568,232];2;
4;[527,273];2;
4;[561,102];4;
4;[511,156];4;
4;[653,112];5;
4;[463,159];2;
4;[602,182];9;
4;[597,180];13;
4;[559,200];2;
4;[404,172];2;
4;[552,60];3;
4;[697,115];2;
4;[630,375];4;
4;[511,193];2;
4;[467,192];1;
4;[657,151];4;
4;[608,150];14;
4;[585,183];9;

PB
5;[620,140];15;
5;[620,160];12;
5;[620,180];10;
5;[620,200];11;
5;[568,232];3;
5;[527,273];4;
5;[561,102];5;
5;[653,112];6;
5;[602,182];9;
5;[597,180];12;
5;[552,60];5;
5;[511,193];3;
5;[657,151];5;
5;[608,150];17;
5;[585,183];10;
5;[697,121];5;
5;[558,200];4;
5;[398,166];3;
5;[629,378];4;
5;[417,187];2;
5;[511,154];1;
5;[465,193];2;
5;[463,158];1;
5;[601,154];17;
5;[573,188];14;

PB
5;[620,140];15;
5;[620,160];12;
5;[620,180];10;
5;[620,200];11;
5;[568,232];3;
5;[527,273];4;
5;[561,102];5;
5;[653,112];7;
5;[602,182];9;
5;[597,180];12;
5;[552,60];5;
5;[511,193];3;
5;[657,151];5;
5;[608,150];16;
5;[585,183];10;
5;[697,121];5;
5;[398,166];3;
5;[629,378];4;
5;[417,187];2;
5;[511,154];1;
5;[463,158];1;
5;[601,154];16;
5;[573,188];15;
5;[559,200];4;
5;[467,193];0;

PB
7;[620,140];16;
7;[620,160];13;
7;[620,180];10;
7;[620,200];11;
7;[568,232];3;
7;[527,273];6;
7;[561,102];7;
7;[653,112];7;
7;[602,182];10;
7;[597,180];12;
7;[552,60];7;
7;[511,193];4;
7;[657,151];5;
7;[608,150];16;
7;[585,183];11;
7;[697,121];5;
7;[629,378];4;
7;[601,154];16;
7;[573,188];15;
7;[467,193];0;
7;[390,165];2;
7;[417,189];0;
7;[510,147];3;
7;[462,157];1;
7;[564,194];9;
7;[582,142];9;
7;[559,199];10;

PB
8;[620,140];15;
8;[620,160];12;
8;[620,180];11;
8;[620,200];12;
8;[568,232];3;
8;[527,273];7;
8;[561,102];8;
8;[653,112];7;
8;[602,182];11;
8;[597,180];13;
8;[552,60];9;
8;[657,151];5;
8;[608,150];16;
8;[585,183];12;
8;[697,121];5;
8;[629,378];4;
8;[601,154];15;
8;[573,188];16;
8;[390,165];2;
8;[417,189];1;
8;[462,157];1;
8;[564,194];12;
8;[582,142];11;
8;[559,199];11;
8;[511,147];2;
8;[510,195];2;
8;[465,193];2;
8;[586,152];13;

PB
8;[620,140];16;
8;[620,160];12;
8;[620,180];11;
8;[620,200];12;
8;[568,232];3;
8;[527,273];9;
8;[561,102];8;
8;[653,112];7;
8;[602,182];12;
8;[597,180];14;
8;[552,60];10;
8;[657,151];5;
8;[608,150];15;
8;[585,183];13;
8;[697,121];5;
8;[629,378];4;
8;[601,154];15;
8;[573,188];17;
8;[390,165];2;
8;[417,189];1;
8;[462,157];1;
8;[564,194];12;
8;[582,142];12;
8;[559,199];12;
8;[586,152];14;
8;[511,195];4;
8;[510,146];1;
8;[467,193];1;
8;[587,146];12;

PB
9;[620,140];16;
9;[620,160];12;
9;[620,180];11;
9;[620,200];12;
9;[568,232];3;
9;[527,273];9;
9;[561,102];9;
9;[653,112];7;
9;[602,182];12;
9;[597,180];14;
9;[552,60];10;
9;[657,151];5;
9;[608,150];15;
9;[585,183];13;
9;[697,121];5;
9;[629,378];4;
9;[601,154];15;
9;[573,188];17;
9;[390,165];2;
9;[417,189];1;
9;[462,157];1;
9;[564,194];12;
9;[582,142];12;
9;[559,199];12;
9;[586,152];14;
9;[511,195];4;
9;[510,146];1;
9;[467,193];1;
9;[587,146];13;

PB
10;[620,140];19;
10;[620,160];15;
10;[620,180];13;
10;[620,200];13;
10;[568,232];3;
10;[527,273];10;
10;[561,102];9;
10;[653,112];9;
10;[602,182];13;
10;[597,180];16;
10;[552,60];10;
10;[608,150];18;
10;[585,183];16;
10;[697,121];6;
10;[629,378];4;
10;[601,154];18;
10;[573,188];20;
10;[390,165];4;
10;[417,189];3;
10;[462,157];2;
10;[564,194];15;
10;[582,142];14;
10;[559,199];15;
10;[586,152];17;
10;[511,195];4;
10;[510,146];1;
10;[587,146];14;
10;[658,151];7;
10;[467,194];0;
10;[568,190];17;
10;[593,154];19;
10;[580,180];18;

PB
10;[620,140];20;
10;[620,160];17;
10;[620,180];14;
10;[620,200];14;
10;[568,232];3;
10;[527,273];11;
10;[561,102];9;
10;[653,112];11;
10;[602,182];14;
10;[597,180];17;
10;[552,60];11;
10;[608,150];20;
10;[585,183];18;
10;[697,121];9;
10;[629,378];4;
10;[601,154];20;
10;[573,188];21;
10;[390,165];5;
10;[417,189];3;
10;[462,157];3;
10;[564,194];17;
10;[582,142];16;
10;[559,199];16;
10;[586,152];18;
10;[587,146];16;
10;[658,151];9;
10;[568,190];19;
10;[593,154];21;
10;[580,180];19;
10;[511,147];2;
10;[510,195];3;
10;[465,194];2;
10;[563,185];21;
10;[594,148];13;

PB
11;[620,140];23;
11;[620,160];18;
11;[620,180];16;
11;[620,200];16;
11;[568,232];3;
11;[527,273];11;
11;[561,102];9;
11;[653,112];12;
11;[602,182];16;
11;[597,180];19;
11;[552,60];11;
11;[608,150];22;
11;[585,183];18;
11;[629,378];4;
11;[601,154];22;
11;[573,188];21;
11;[417,189];3;
11;[462,157];3;
11;[564,194];16;
11;[582,142];16;
11;[559,199];16;
11;[586,152];19;
11;[587,146];16;
11;[658,151];11;
11;[568,190];19;
11;[593,154];23;
11;[580,180];20;
11;[563,185];22;
11;[594,148];14;
11;[511,195];4;
11;[385,166];5;
11;[696,121];9;
11;[510,146];1;
11;[467,194];0;
11;[594,138];13;
11;[592,180];15;

PB
12;[620,140];25;
12;[620,160];22;
12;[620,180];19;
12;[620,200];18;
12;[568,232];3;
12;[527,273];12;
12;[561,102];10;
12;[653,112];14;
12;[602,182];19;
12;[597,180];22;
12;[552,60];11;
12;[608,150];25;
12;[585,183];19;
12;[629,378];4;
12;[601,154];25;
12;[573,188];22;
12;[417,189];3;
12;[462,157];3;
12;[564,194];18;
12;[582,142];19;
12;[559,199];17;
12;[586,152];21;
12;[587,146];19;
12;[658,151];12;
12;[568,190];20;
12;[593,154];26;
12;[580,180];21;
12;[563,185];23;
12;[594,148];16;
12;[385,166];6;
12;[594,138];15;
12;[592,180];17;
12;[697,123];12;
12;[511,147];2;
12;[510,195];3;
12;[465,194];2;
12;[568,176];23;
12;[594,128];17;
12;[594,185];15;

PB
12;[620,140];25;
12;[620,160];22;
12;[620,180];19;
12;[620,200];18;
12;[568,232];3;
12;[527,273];12;
12;[561,102];10;
12;[653,112];14;
12;[602,182];19;
12;[597,180];22;
12;[552,60];11;
12;[608,150];25;
12;[585,183];19;
12;[629,378];4;
12;[601,154];25;
12;[573,188];22;
12;[417,189];3;
12;[462,157];3;
12;[564,194];18;
12;[582,142];19;
12;[559,199];17;
12;[586,152];21;
12;[587,146];19;
12;[658,151];12;
12;[568,190];20;
12;[593,154];26;
12;[580,180];21;
12;[563,185];23;
12;[594,148];16;
12;[385,166];6;
12;[594,138];15;
12;[592,180];17;
12;[697,123];12;
12;[511,147];2;
12;[510,195];3;
12;[465,194];2;
12;[568,176];23;
12;[594,128];17;
12;[594,185];15;

PB
13;[620,140];27;
13;[620,160];24;
13;[620,180];20;
13;[620,200];20;
13;[568,232];3;
13;[527,273];13;
13;[561,102];11;
13;[653,112];16;
13;[602,182];22;
13;[597,180];23;
13;[552,60];12;
13;[608,150];26;
13;[585,183];20;
13;[601,154];25;
13;[573,188];23;
13;[417,189];3;
13;[462,157];3;
13;[564,194];19;
13;[582,142];20;
13;[559,199];18;
13;[586,152];22;
13;[587,146];20;
13;[568,190];20;
13;[593,154];27;
13;[580,180];21;
13;[563,185];22;
13;[594,148];15;
13;[385,166];7;
13;[594,138];15;
13;[592,180];18;
13;[511,147];2;
13;[510,195];4;
13;[465,194];3;
13;[568,176];24;
13;[594,128];17;
13;[594,185];17;
13;[624,384];2;
13;[659,153];10;
13;[575,169];24;
13;[590,119];8;
13;[594,197];14;

PB
13;[620,140];28;
13;[620,160];24;
13;[620,180];20;
13;[620,200];20;
13;[568,232];3;
13;[527,273];13;
13;[561,102];11;
13;[653,112];16;
13;[602,182];22;
13;[597,180];23;
13;[552,60];12;
13;[608,150];26;
13;[585,183];20;
13;[601,154];25;
13;[573,188];23;
13;[417,189];3;
13;[462,157];3;
13;[564,194];18;
13;[582,142];19;
13;[559,199];18;
13;[586,152];22;
13;[587,146];19;
13;[568,190];20;
13;[593,154];26;
13;[580,180];21;
13;[563,185];22;
13;[594,148];15;
13;[385,166];7;
13;[594,138];15;
13;[592,180];18;
13;[568,176];23;
13;[594,128];17;
13;[594,185];17;
13;[624,384];2;
13;[659,153];10;
13;[575,169];24;
13;[590,119];8;
13;[594,197];14;
13;[510,146];1;
13;[511,195];4;
13;[467,194];0;

PB
14;[620,140];31;
14;[620,160];28;
14;[620,180];22;
14;[620,200];23;
14;[568,232];3;
14;[527,273];13;
14;[653,112];18;
14;[602,182];22;
14;[597,180];24;
14;[608,150];28;
14;[585,183];20;
14;[601,154];28;
14;[573,188];24;
14;[417,189];3;
14;[462,157];3;
14;[564,194];20;
14;[582,142];19;
14;[559,199];18;
14;[586,152];23;
14;[587,146];19;
14;[568,190];25;
14;[593,154];29;
14;[580,180];23;
14;[563,185];24;
14;[594,148];17;
14;[385,166];8;
14;[594,138];16;
14;[592,180];19;
14;[568,176];25;
14;[594,128];17;
14;[594,185];18;
14;[575,169];26;
14;[590,119];12;
14;[594,197];15;
14;[510,146];1;
14;[511,195];4;
14;[467,194];0;
14;[449,120];6;
14;[554,54];4;
14;[622,385];1;
14;[485,88];3;
14;[534,87];3;
14;[465,89];2;
14;[419,92];6;
14;[605,143];30;
14;[584,167];24;
14;[585,114];10;
14;[594,207];15;

PB
14;[620,140];30;
14;[620,160];28;
14;[620,180];22;
14;[620,200];23;
14;[568,232];3;
14;[527,273];13;
14;[653,112];19;
14;[602,182];22;
14;[597,180];24;
14;[608,150];28;
14;[585,183];20;
14;[601,154];28;
14;[573,188];24;
14;[417,189];3;
14;[462,157];3;
14;[564,194];21;
14;[582,142];20;
14;[559,199];18;
14;[586,152];23;
14;[587,146];20;
14;[568,190];25;
14;[593,154];29;
14;[580,180];23;
14;[563,185];24;
14;[594,148];17;
14;[385,166];8;
14;[594,138];16;
14;[592,180];19;
14;[568,176];25;
14;[594,128];17;
14;[594,185];18;
14;[575,169];26;
14;[590,119];12;
14;[594,197];15;
14;[449,120];6;
14;[554,54];4;
14;[622,385];1;
14;[485,88];3;
14;[534,87];3;
14;[465,89];2;
14;[419,92];6;
14;[605,143];30;
14;[584,167];25;
14;[585,114];10;
14;[594,207];15;
14;[511,147];2;
14;[510,195];3;
14;[465,194];2;

PB
15;[620,140];34;
15;[620,160];29;
15;[620,180];25;
15;[620,200];25;
15;[568,232];4;
15;[527,273];14;
15;[653,112];20;
15;[602,182];24;
15;[597,180];25;
15;[608,150];31;
15;[585,183];21;
15;[601,154];30;
15;[573,188];25;
15;[417,189];3;
15;[462,157];3;
15;[564,194];21;
15;[582,142];21;
15;[559,199];19;
15;[586,152];23;
15;[587,146];18;
15;[568,190];25;
15;[593,154];31;
15;[580,180];24;
15;[563,185];25;
15;[594,148];19;
15;[385,166];9;
15;[594,138];18;
15;[592,180];20;
15;[568,176];26;
15;[594,128];19;
15;[594,185];20;
15;[575,169];27;
15;[590,119];10;
15;[594,197];17;
15;[534,87];4;
15;[605,143];32;
15;[584,167];26;
15;[585,114];9;
15;[594,207];17;
15;[561,54];5;
15;[427,119];8;
15;[418,92];3;
15;[484,88];0;
15;[621,385];1;
15;[510,146];2;
15;[467,194];0;
15;[511,195];4;
15;[594,167];30;
15;[576,105];9;
15;[594,217];19;

PB
15;[620,140];34;
15;[620,160];29;
15;[620,180];25;
15;[620,200];25;
15;[568,232];4;
15;[527,273];14;
15;[653,112];20;
15;[602,182];24;
15;[597,180];25;
15;[608,150];31;
15;[585,183];21;
15;[601,154];30;
15;[573,188];25;
15;[417,189];3;
15;[462,157];3;
15;[564,194];21;
15;[582,142];21;
15;[559,199];19;
15;[586,152];23;
15;[587,146];18;
15;[568,190];25;
15;[593,154];31;
15;[580,180];24;
15;[563,185];25;
15;[594,148];19;
15;[385,166];9;
15;[594,138];18;
15;[592,180];20;
15;[568,176];26;
15;[594,128];19;
15;[594,185];20;
15;[575,169];27;
15;[590,119];10;
15;[594,197];17;
15;[534,87];4;
15;[605,143];32;
15;[584,167];26;
15;[585,114];9;
15;[594,207];17;
15;[561,54];5;
15;[427,119];8;
15;[418,92];3;
15;[484,88];0;
15;[621,385];1;
15;[510,146];2;
15;[467,194];0;
15;[511,195];4;
15;[594,167];30;
15;[576,105];9;
15;[594,217];19;

PB
16;[620,140];34;
16;[620,160];30;
16;[620,180];27;
16;[620,200];26;
16;[653,112];21;
16;[602,182];25;
16;[597,180];26;
16;[608,150];31;
16;[585,183];20;
16;[601,154];30;
16;[573,188];23;
16;[417,189];3;
16;[462,157];4;
16;[564,194];20;
16;[582,142];21;
16;[559,199];18;
16;[586,152];23;
16;[587,146];18;
16;[568,190];24;
16;[593,154];32;
16;[580,180];25;
16;[563,185];24;
16;[594,148];20;
16;[385,166];10;
16;[594,138];19;
16;[592,180];21;
16;[568,176];26;
16;[594,128];20;
16;[594,185];21;
16;[575,169];27;
16;[590,119];9;
16;[594,197];18;
16;[605,143];32;
16;[584,167];27;
16;[585,114];8;
16;[594,207];18;
16;[418,92];3;
16;[484,88];0;
16;[594,167];31;
16;[576,105];8;
16;[594,217];20;
16;[583,52];1;
16;[511,147];3;
16;[510,195];3;
16;[526,273];3;
16;[534,88];3;
16;[380,112];2;
16;[465,194];2;
16;[620,384];2;
16;[601,174];30;
16;[570,102];10;
16;[589,223];4;

PB
16;[620,140];36;
16;[620,160];31;
16;[620,180];28;
16;[620,200];27;
16;[653,112];22;
16;[602,182];26;
16;[597,180];27;
16;[608,150];32;
16;[585,183];20;
16;[601,154];31;
16;[573,188];23;
16;[417,189];3;
16;[462,157];4;
16;[564,194];19;
16;[582,142];20;
16;[559,199];18;
16;[586,152];23;
16;[587,146];17;
16;[568,190];24;
16;[593,154];33;
16;[580,180];25;
16;[563,185];24;
16;[594,148];21;
16;[385,166];10;
16;[594,138];20;
16;[592,180];21;
16;[568,176];26;
16;[594,128];21;
16;[594,185];22;
16;[575,169];27;
16;[590,119];10;
16;[594,197];19;
16;[605,143];33;
16;[584,167];27;
16;[585,114];9;
16;[594,207];19;
16;[418,92];4;
16;[484,88];1;
16;[594,167];33;
16;[576,105];9;
16;[594,217];21;
16;[583,52];1;
16;[526,273];3;
16;[534,88];4;
16;[380,112];2;
16;[620,384];2;
16;[601,174];31;
16;[570,102];11;
16;[589,223];4;
16;[511,195];4;
16;[510,146];2;
16;[467,194];1;
16;[594,123];27;

PB
17;[620,140];38;
17;[620,160];32;
17;[620,180];29;
17;[620,200];28;
17;[653,112];23;
17;[602,182];27;
17;[597,180];28;
17;[608,150];33;
17;[585,183];20;
17;[601,154];32;
17;[573,188];23;
17;[417,189];3;
17;[462,157];4;
17;[564,194];19;
17;[582,142];21;
17;[559,199];18;
17;[586,152];24;
17;[587,146];17;
17;[568,190];24;
17;[593,154];34;
17;[580,180];25;
17;[563,185];24;
17;[594,148];22;
17;[385,166];10;
17;[594,138];21;
17;[592,180];22;
17;[568,176];27;
17;[594,128];22;
17;[594,185];23;
17;[575,169];28;
17;[590,119];11;
17;[594,197];20;
17;[605,143];34;
17;[584,167];28;
17;[585,114];10;
17;[594,207];20;
17;[418,92];4;
17;[484,88];1;
17;[594,167];34;
17;[576,105];10;
17;[594,217];21;
17;[534,88];5;
17;[620,384];3;
17;[601,174];32;
17;[570,102];12;
17;[589,223];4;
17;[511,195];4;
17;[510,146];2;
17;[467,194];1;
17;[594,123];29;
17;[525,273];2;
17;[585,72];2;
17;[373,110];3;
17;[608,181];27;
17;[562,102];10;

PB
17;[620,140];37;
17;[620,160];32;
17;[620,180];29;
17;[620,200];28;
17;[653,112];23;
17;[602,182];27;
17;[597,180];28;
17;[608,150];33;
17;[585,183];20;
17;[601,154];32;
17;[573,188];23;
17;[417,189];3;
17;[462,157];5;
17;[564,194];20;
17;[582,142];22;
17;[559,199];18;
17;[586,152];24;
17;[587,146];18;
17;[568,190];24;
17;[593,154];34;
17;[580,180];25;
17;[563,185];24;
17;[594,148];22;
17;[385,166];10;
17;[594,138];21;
17;[592,180];22;
17;[568,176];27;
17;[594,128];22;
17;[594,185];23;
17;[575,169];28;
17;[590,119];11;
17;[594,197];20;
17;[605,143];34;
17;[584,167];28;
17;[585,114];10;
17;[594,207];20;
17;[418,92];4;
17;[484,88];1;
17;[594,167];33;
17;[576,105];10;
17;[594,217];21;
17;[534,88];5;
17;[620,384];3;
17;[601,174];32;
17;[570,102];11;
17;[589,223];4;
17;[594,123];29;
17;[525,273];2;
17;[585,72];2;
17;[373,110];3;
17;[608,181];28;
17;[562,102];10;
17;[511,147];2;
17;[510,195];3;
17;[465,194];2;

PB
17;[620,140];38;
17;[620,160];33;
17;[620,180];30;
17;[620,200];29;
17;[653,112];24;
17;[602,182];28;
17;[597,180];29;
17;[608,150];34;
17;[585,183];20;
17;[601,154];33;
17;[573,188];23;
17;[417,189];3;
17;[462,157];5;
17;[564,194];20;
17;[582,142];23;
17;[559,199];18;
17;[586,152];25;
17;[587,146];18;
17;[568,190];24;
17;[593,154];35;
17;[580,180];25;
17;[563,185];24;
17;[594,148];23;
17;[385,166];10;
17;[594,138];22;
17;[592,180];23;
17;[568,176];27;
17;[594,128];23;
17;[594,185];24;
17;[575,169];29;
17;[590,119];11;
17;[594,197];21;
17;[605,143];35;
17;[584,167];29;
17;[585,114];10;
17;[594,207];21;
17;[418,92];4;
17;[484,88];1;
17;[594,167];34;
17;[576,105];9;
17;[594,217];22;
17;[534,88];5;
17;[620,384];4;
17;[601,174];33;
17;[570,102];11;
17;[589,223];5;
17;[594,123];30;
17;[525,273];2;
17;[585,72];2;
17;[608,181];29;
17;[562,102];10;
17;[511,147];2;
17;[510,195];3;
17;[465,194];2;
17;[369,109];2;
17;[615,188];29;

PB
17;[620,140];39;
17;[620,160];33;
17;[620,180];30;
17;[620,200];29;
17;[653,112];24;
17;[602,182];28;
17;[597,180];29;
17;[608,150];34;
17;[585,183];20;
17;[601,154];33;
17;[573,188];23;
17;[417,189];3;
17;[462,157];5;
17;[564,194];19;
17;[582,142];22;
17;[559,199];18;
17;[586,152];25;
17;[587,146];17;
17;[568,190];24;
17;[593,154];35;
17;[580,180];25;
17;[563,185];24;
17;[594,148];23;
17;[385,166];10;
17;[594,138];22;
17;[592,180];23;
17;[568,176];27;
17;[594,128];23;
17;[594,185];24;
17;[575,169];29;
17;[590,119];11;
17;[594,197];21;
17;[605,143];35;
17;[584,167];29;
17;[585,114];10;
17;[594,207];21;
17;[418,92];4;
17;[484,88];1;
17;[594,167];35;
17;[576,105];10;
17;[594,217];22;
17;[534,88];5;
17;[620,384];4;
17;[601,174];33;
17;[570,102];11;
17;[589,223];5;
17;[594,123];30;
17;[525,273];2;
17;[585,72];2;
17;[608,181];29;
17;[562,102];10;
17;[615,188];29;
17;[510,146];1;
17;[511,195];4;
17;[373,110];3;
17;[467,194];1;

PB
18;[620,140];39;
18;[620,160];33;
18;[620,180];30;
18;[620,200];30;
18;[653,112];25;
18;[602,182];28;
18;[597,180];29;
18;[608,150];34;
18;[585,183];20;
18;[601,154];33;
18;[573,188];23;
18;[417,189];3;
18;[462,157];6;
18;[564,194];20;
18;[582,142];23;
18;[559,199];18;
18;[586,152];25;
18;[587,146];18;
18;[568,190];24;
18;[593,154];35;
18;[580,180];25;
18;[563,185];24;
18;[594,148];23;
18;[385,166];10;
18;[594,138];22;
18;[592,180];23;
18;[568,176];27;
18;[594,128];23;
18;[594,185];24;
18;[575,169];29;
18;[590,119];12;
18;[594,197];21;
18;[605,143];35;
18;[584,167];29;
18;[585,114];11;
18;[594,207];21;
18;[418,92];4;
18;[484,88];2;
18;[594,167];34;
18;[576,105];10;
18;[594,217];23;
18;[534,88];6;
18;[620,384];4;
18;[601,174];33;
18;[570,102];12;
18;[589,223];6;
18;[594,123];31;
18;[608,181];29;
18;[562,102];11;
18;[615,188];29;
18;[584,78];3;
18;[511,147];2;
18;[367,109];3;
18;[524,273];3;
18;[510,195];3;
18;[465,194];2;
18;[556,96];12;
18;[575,237];5;

PB
18;[620,140];41;
18;[620,160];34;
18;[620,180];30;
18;[620,200];30;
18;[653,112];26;
18;[602,182];28;
18;[597,180];29;
18;[608,150];34;
18;[585,183];20;
18;[601,154];33;
18;[573,188];23;
18;[417,189];3;
18;[462,157];6;
18;[564,194];19;
18;[582,142];22;
18;[559,199];18;
18;[586,152];25;
18;[587,146];17;
18;[568,190];24;
18;[593,154];35;
18;[580,180];25;
18;[563,185];24;
18;[594,148];23;
18;[385,166];10;
18;[594,138];22;
18;[592,180];23;
18;[568,176];27;
18;[594,128];23;
18;[594,185];24;
18;[575,169];29;
18;[590,119];13;
18;[594,197];21;
18;[605,143];35;
18;[584,167];29;
18;[585,114];12;
18;[594,207];21;
18;[418,92];4;
18;[484,88];2;
18;[594,167];35;
18;[576,105];11;
18;[594,217];23;
18;[534,88];6;
18;[620,384];4;
18;[601,174];33;
18;[570,102];13;
18;[589,223];6;
18;[594,123];32;
18;[608,181];29;
18;[562,102];12;
18;[615,188];29;
18;[584,78];4;
18;[367,109];3;
18;[524,273];3;
18;[556,96];13;
18;[575,237];6;
18;[510,146];1;
18;[511,195];5;
18;[467,194];1;
18;[580,109];11;

PB
19;[620,140];43;
19;[620,160];35;
19;[620,180];31;
19;[620,200];32;
19;[653,112];27;
19;[602,182];29;
19;[597,180];30;
19;[608,150];35;
19;[585,183];20;
19;[601,154];34;
19;[573,188];23;
19;[417,189];3;
19;[462,157];6;
19;[564,194];20;
19;[582,142];23;
19;[559,199];18;
19;[586,152];26;
19;[587,146];17;
19;[568,190];24;
19;[593,154];36;
19;[580,180];25;
19;[563,185];24;
19;[594,148];24;
19;[385,166];10;
19;[594,138];23;
19;[592,180];24;
19;[568,176];27;
19;[594,128];24;
19;[594,185];25;
19;[575,169];29;
19;[590,119];14;
19;[594,197];22;
19;[605,143];36;
19;[584,167];30;
19;[585,114];12;
19;[594,207];22;
19;[418,92];4;
19;[484,88];3;
19;[594,167];36;
19;[576,105];11;
19;[594,217];25;
19;[620,384];5;
19;[601,174];34;
19;[570,102];12;
19;[589,223];8;
19;[594,123];33;
19;[608,181];30;
19;[562,102];12;
19;[615,188];30;
19;[584,78];5;
19;[556,96];13;
19;[575,237];7;
19;[510,146];2;
19;[511,195];5;
19;[467,194];1;
19;[580,109];12;
19;[522,273];4;
19;[364,107];2;
19;[608,195];29;
19;[542,88];11;
19;[566,246];5;

PB
19;[620,140];42;
19;[620,160];35;
19;[620,180];31;
19;[620,200];32;
19;[653,112];27;
19;[602,182];29;
19;[597,180];30;
19;[608,150];35;
19;[585,183];20;
19;[601,154];34;
19;[573,188];23;
19;[417,189];3;
19;[462,157];6;
19;[564,194];20;
19;[582,142];24;
19;[559,199];18;
19;[586,152];26;
19;[587,146];18;
19;[568,190];24;
19;[593,154];36;
19;[580,180];25;
19;[563,185];24;
19;[594,148];24;
19;[385,166];10;
19;[594,138];23;
19;[592,180];24;
19;[568,176];27;
19;[594,128];24;
19;[594,185];25;
19;[575,169];29;
19;[590,119];14;
19;[594,197];22;
19;[605,143];36;
19;[584,167];30;
19;[585,114];12;
19;[594,207];22;
19;[418,92];4;
19;[484,88];3;
19;[594,167];35;
19;[576,105];11;
19;[594,217];25;
19;[620,384];5;
19;[601,174];34;
19;[570,102];12;
19;[589,223];8;
19;[594,123];33;
19;[608,181];30;
19;[562,102];12;
19;[615,188];30;
19;[584,78];5;
19;[556,96];13;
19;[575,237];7;
19;[580,109];12;
19;[522,273];4;
19;[364,107];2;
19;[608,195];29;
19;[542,88];11;
19;[566,246];5;
19;[510,195];4;
19;[511,147];2;
19;[465,194];2;

PB
20;[620,140];44;
20;[620,160];36;
20;[620,180];32;
20;[620,200];34;
20;[653,112];27;
20;[602,182];30;
20;[597,180];31;
20;[608,150];36;
20;[585,183];20;
20;[601,154];35;
20;[573,188];23;
20;[417,189];3;
20;[462,157];6;
20;[564,194];20;
20;[582,142];25;
20;[559,199];18;
20;[586,152];27;
20;[587,146];18;
20;[568,190];24;
20;[593,154];37;
20;[580,180];25;
20;[563,185];24;
20;[594,148];25;
20;[385,166];10;
20;[594,138];24;
20;[592,180];25;
20;[568,176];27;
20;[594,128];25;
20;[594,185];26;
20;[575,169];29;
20;[590,119];15;
20;[594,197];23;
20;[605,143];37;
20;[584,167];30;
20;[585,114];13;
20;[594,207];23;
20;[418,92];4;
20;[484,88];3;
20;[594,167];36;
20;[576,105];12;
20;[594,217];28;
20;[601,174];35;
20;[570,102];13;
20;[589,223];9;
20;[594,123];35;
20;[608,181];30;
20;[562,102];13;
20;[615,188];32;
20;[556,96];14;
20;[575,237];7;
20;[580,109];12;
20;[364,107];2;
20;[608,195];30;
20;[542,88];12;
20;[566,246];6;
20;[510,195];4;
20;[511,147];2;
20;[465,194];2;
20;[517,273];4;
20;[585,81];5;
20;[621,385];3;
20;[603,203];28;
20;[535,88];11;
20;[565,256];9;

PB
20;[620,140];45;
20;[620,160];36;
20;[620,180];32;
20;[620,200];34;
20;[653,112];29;
20;[602,182];30;
20;[597,180];31;
20;[608,150];36;
20;[585,183];20;
20;[601,154];35;
20;[573,188];23;
20;[417,189];3;
20;[462,157];6;
20;[564,194];19;
20;[582,142];24;
20;[559,199];18;
20;[586,152];27;
20;[587,146];17;
20;[568,190];24;
20;[593,154];37;
20;[580,180];25;
20;[563,185];24;
20;[594,148];25;
20;[385,166];10;
20;[594,138];24;
20;[592,180];25;
20;[568,176];27;
20;[594,128];25;
20;[594,185];26;
20;[575,169];29;
20;[590,119];15;
20;[594,197];23;
20;[605,143];37;
20;[584,167];30;
20;[585,114];13;
20;[594,207];23;
20;[418,92];4;
20;[484,88];3;
20;[594,167];37;
20;[576,105];12;
20;[594,217];28;
20;[601,174];35;
20;[570,102];13;
20;[589,223];9;
20;[594,123];35;
20;[608,181];30;
20;[562,102];13;
20;[615,188];32;
20;[556,96];14;
20;[575,237];7;
20;[580,109];12;
20;[364,107];2;
20;[608,195];30;
20;[542,88];12;
20;[566,246];6;
20;[517,273];4;
20;[585,81];5;
20;[621,385];3;
20;[603,203];29;
20;[535,88];12;
20;[565,256];9;
20;[511,195];5;
20;[510,146];1;
20;[467,194];1;

PB
20;[620,140];44;
20;[620,160];36;
20;[620,180];32;
20;[620,200];34;
20;[653,112];29;
20;[602,182];30;
20;[597,180];31;
20;[608,150];36;
20;[585,183];20;
20;[601,154];35;
20;[573,188];23;
20;[417,189];3;
20;[462,157];6;
20;[564,194];20;
20;[582,142];25;
20;[559,199];18;
20;[586,152];27;
20;[587,146];18;
20;[568,190];24;
20;[593,154];37;
20;[580,180];25;
20;[563,185];24;
20;[594,148];25;
20;[385,166];10;
20;[594,138];24;
20;[592,180];25;
20;[568,176];27;
20;[594,128];25;
20;[594,185];26;
20;[575,169];29;
20;[590,119];15;
20;[594,197];23;
20;[605,143];37;
20;[584,167];30;
20;[585,114];13;
20;[594,207];23;
20;[418,92];4;
20;[484,88];3;
20;[594,167];36;
20;[576,105];12;
20;[594,217];28;
20;[601,174];35;
20;[570,102];13;
20;[589,223];9;
20;[594,123];35;
20;[608,181];30;
20;[562,102];13;
20;[615,188];32;
20;[556,96];14;
20;[575,237];7;
20;[580,109];12;
20;[364,107];2;
20;[608,195];30;
20;[542,88];12;
20;[566,246];6;
20;[517,273];4;
20;[585,81];5;
20;[621,385];3;
20;[603,203];29;
20;[535,88];12;
20;[565,256];9;
20;[510,195];4;
20;[511,147];2;
20;[465,194];2;

PB
21;[620,140];46;
21;[620,160];37;
21;[620,180];34;
21;[620,200];35;
21;[653,112];30;
21;[602,182];31;
21;[597,180];32;
21;[608,150];38;
21;[585,183];20;
21;[601,154];36;
21;[573,188];23;
21;[417,189];4;
21;[462,157];6;
21;[564,194];21;
21;[582,142];26;
21;[559,199];18;
21;[586,152];28;
21;[587,146];19;
21;[568,190];25;
21;[593,154];39;
21;[580,180];26;
21;[563,185];24;
21;[594,148];26;
21;[385,166];11;
21;[594,138];25;
21;[592,180];25;
21;[568,176];28;
21;[594,128];26;
21;[594,185];27;
21;[575,169];29;
21;[590,119];17;
21;[594,197];24;
21;[605,143];39;
21;[584,167];30;
21;[585,114];15;
21;[594,207];24;
21;[418,92];4;
21;[484,88];5;
21;[594,167];38;
21;[576,105];14;
21;[594,217];29;
21;[601,174];36;
21;[570,102];14;
21;[589,223];11;
21;[594,123];38;
21;[608,181];31;
21;[562,102];14;
21;[615,188];34;
21;[556,96];15;
21;[575,237];9;
21;[580,109];14;
21;[364,107];2;
21;[608,195];32;
21;[542,88];13;
21;[566,246];8;
21;[603,203];31;
21;[535,88];13;
21;[565,256];11;
21;[510,195];5;
21;[511,147];2;
21;[465,194];4;
21;[438,274];7;
21;[621,388];3;
21;[576,91];14;
21;[603,213];33;
21;[543,81];13;
21;[563,265];15;

PB
21;[620,140];47;
21;[620,160];37;
21;[620,180];34;
21;[620,200];35;
21;[653,112];30;
21;[602,182];31;
21;[597,180];32;
21;[608,150];38;
21;[585,183];20;
21;[601,154];36;
21;[573,188];23;
21;[417,189];4;
21;[462,157];6;
21;[564,194];20;
21;[582,142];25;
21;[559,199];18;
21;[586,152];28;
21;[587,146];18;
21;[568,190];25;
21;[593,154];38;
21;[580,180];26;
21;[563,185];24;
21;[594,148];26;
21;[385,166];11;
21;[594,138];25;
21;[592,180];25;
21;[568,176];27;
21;[594,128];26;
21;[594,185];27;
21;[575,169];29;
21;[590,119];17;
21;[594,197];24;
21;[605,143];39;
21;[584,167];30;
21;[585,114];15;
21;[594,207];24;
21;[418,92];4;
21;[484,88];5;
21;[594,167];39;
21;[576,105];14;
21;[594,217];29;
21;[601,174];36;
21;[570,102];14;
21;[589,223];11;
21;[594,123];38;
21;[608,181];31;
21;[562,102];14;
21;[615,188];34;
21;[556,96];15;
21;[575,237];9;
21;[580,109];14;
21;[364,107];2;
21;[608,195];32;
21;[542,88];13;
21;[566,246];8;
21;[603,203];31;
21;[535,88];13;
21;[565,256];11;
21;[438,274];7;
21;[621,388];3;
21;[576,91];14;
21;[603,213];33;
21;[543,81];13;
21;[563,265];14;
21;[511,195];5;
21;[510,146];1;
21;[467,194];1;

PB
22;[620,140];49;
22;[620,160];38;
22;[620,180];36;
22;[620,200];37;
22;[653,112];31;
22;[602,182];32;
22;[597,180];33;
22;[608,150];39;
22;[585,183];20;
22;[601,154];38;
22;[573,188];23;
22;[417,189];5;
22;[462,157];6;
22;[564,194];23;
22;[582,142];26;
22;[559,199];20;
22;[586,152];29;
22;[587,146];20;
22;[568,190];26;
22;[593,154];39;
22;[580,180];25;
22;[563,185];25;
22;[594,148];27;
22;[385,166];12;
22;[594,138];26;
22;[592,180];25;
22;[568,176];27;
22;[594,128];27;
22;[594,185];28;
22;[575,169];29;
22;[590,119];18;
22;[594,197];25;
22;[605,143];40;
22;[584,167];30;
22;[585,114];16;
22;[594,207];25;
22;[418,92];4;
22;[484,88];7;
22;[594,167];38;
22;[576,105];15;
22;[594,217];32;
22;[601,174];37;
22;[570,102];16;
22;[589,223];14;
22;[594,123];40;
22;[608,181];32;
22;[562,102];16;
22;[615,188];36;
22;[556,96];18;
22;[575,237];11;
22;[580,109];15;
22;[364,107];2;
22;[608,195];34;
22;[542,88];15;
22;[566,246];10;
22;[603,203];33;
22;[535,88];15;
22;[565,256];14;
22;[576,91];16;
22;[603,213];36;
22;[543,81];15;
22;[563,265];17;
22;[622,391];3;
22;[517,251];5;
22;[379,273];5;
22;[474,255];7;
22;[426,256];6;
22;[511,147];3;
22;[510,195];5;
22;[465,194];3;
22;[583,84];9;
22;[603,223];34;
22;[552,81];17;
22;[556,272];20;

PB
22;[620,140];49;
22;[620,160];38;
22;[620,180];36;
22;[620,200];37;
22;[653,112];31;
22;[602,182];32;
22;[597,180];33;
22;[608,150];39;
22;[585,183];20;
22;[601,154];38;
22;[573,188];23;
22;[417,189];5;
22;[462,157];6;
22;[564,194];23;
22;[582,142];26;
22;[559,199];20;
22;[586,152];29;
22;[587,146];20;
22;[568,190];26;
22;[593,154];39;
22;[580,180];25;
22;[563,185];25;
22;[594,148];27;
22;[385,166];12;
22;[594,138];26;
22;[592,180];25;
22;[568,176];27;
22;[594,128];27;
22;[594,185];28;
22;[575,169];29;
22;[590,119];18;
22;[594,197];25;
22;[605,143];40;
22;[584,167];30;
22;[585,114];16;
22;[594,207];25;
22;[418,92];4;
22;[484,88];7;
22;[594,167];38;
22;[576,105];15;
22;[594,217];32;
22;[601,174];37;
22;[570,102];16;
22;[589,223];14;
22;[594,123];40;
22;[608,181];32;
22;[562,102];16;
22;[615,188];36;
22;[556,96];18;
22;[575,237];11;
22;[580,109];15;
22;[364,107];2;
22;[608,195];34;
22;[542,88];15;
22;[566,246];10;
22;[603,203];33;
22;[535,88];15;
22;[565,256];14;
22;[576,91];16;
22;[603,213];36;
22;[543,81];15;
22;[563,265];17;
22;[622,391];3;
22;[517,251];5;
22;[379,273];5;
22;[474,255];7;
22;[426,256];6;
22;[511,147];3;
22;[510,195];5;
22;[465,194];3;
22;[583,84];9;
22;[603,223];34;
22;[552,81];17;
22;[556,272];20;

PB
23;[620,140];51;
23;[620,160];40;
23;[620,180];37;
23;[620,200];39;
23;[653,112];32;
23;[602,182];33;
23;[597,180];34;
23;[608,150];40;
23;[585,183];20;
23;[601,154];38;
23;[573,188];23;
23;[417,189];6;
23;[462,157];6;
23;[564,194];19;
23;[582,142];26;
23;[559,199];18;
23;[586,152];29;
23;[587,146];21;
23;[568,190];24;
23;[593,154];40;
23;[580,180];25;
23;[563,185];24;
23;[594,148];28;
23;[385,166];12;
23;[594,138];27;
23;[592,180];25;
23;[568,176];27;
23;[594,128];28;
23;[594,185];29;
23;[575,169];29;
23;[590,119];19;
23;[594,197];26;
23;[605,143];42;
23;[584,167];30;
23;[585,114];17;
23;[594,207];26;
23;[418,92];4;
23;[484,88];8;
23;[594,167];40;
23;[576,105];16;
23;[594,217];33;
23;[601,174];38;
23;[570,102];17;
23;[589,223];15;
23;[594,123];42;
23;[608,181];33;
23;[562,102];17;
23;[615,188];36;
23;[556,96];18;
23;[575,237];13;
23;[580,109];16;
23;[364,107];2;
23;[608,195];35;
23;[542,88];16;
23;[566,246];11;
23;[603,203];34;
23;[535,88];16;
23;[565,256];15;
23;[576,91];17;
23;[603,213];37;
23;[543,81];16;
23;[563,265];20;
23;[583,84];10;
23;[603,223];36;
23;[552,81];17;
23;[556,272];20;
23;[517,239];3;
23;[623,393];2;
23;[371,270];4;
23;[510,146];4;
23;[469,253];3;
23;[511,195];6;
23;[467,194];1;
23;[425,255];3;
23;[603,233];35;
23;[565,81];19;
23;[546,273];18;

PB
23;[620,140];50;
23;[620,160];40;
23;[620,180];37;
23;[620,200];39;
23;[653,112];32;
23;[602,182];33;
23;[597,180];34;
23;[608,150];40;
23;[585,183];20;
23;[601,154];38;
23;[573,188];23;
23;[417,189];6;
23;[462,157];6;
23;[564,194];20;
23;[582,142];27;
23;[559,199];18;
23;[586,152];29;
23;[587,146];22;
23;[568,190];24;
23;[593,154];40;
23;[580,180];25;
23;[563,185];24;
23;[594,148];28;
23;[385,166];13;
23;[594,138];27;
23;[592,180];25;
23;[568,176];27;
23;[594,128];28;
23;[594,185];29;
23;[575,169];29;
23;[590,119];19;
23;[594,197];26;
23;[605,143];42;
23;[584,167];30;
23;[585,114];17;
23;[594,207];26;
23;[418,92];4;
23;[484,88];8;
23;[594,167];39;
23;[576,105];16;
23;[594,217];33;
23;[601,174];38;
23;[570,102];17;
23;[589,223];15;
23;[594,123];42;
23;[608,181];33;
23;[562,102];17;
23;[615,188];36;
23;[556,96];18;
23;[575,237];13;
23;[580,109];16;
23;[364,107];2;
23;[608,195];35;
23;[542,88];16;
23;[566,246];11;
23;[603,203];34;
23;[535,88];16;
23;[565,256];15;
23;[576,91];17;
23;[603,213];37;
23;[543,81];16;
23;[563,265];20;
23;[583,84];10;
23;[603,223];36;
23;[552,81];17;
23;[556,272];21;
23;[517,239];3;
23;[623,393];2;
23;[371,270];4;
23;[469,253];3;
23;[425,255];3;
23;[603,233];35;
23;[565,81];18;
23;[546,273];19;
23;[511,147];3;
23;[510,195];6;
23;[465,194];3;

PB
24;[620,140];52;
24;[620,160];41;
24;[620,180];38;
24;[620,200];41;
24;[653,112];33;
24;[602,182];34;
24;[597,180];35;
24;[608,150];41;
24;[585,183];20;
24;[601,154];39;
24;[573,188];23;
24;[417,189];6;
24;[462,157];6;
24;[564,194];19;
24;[582,142];26;
24;[559,199];18;
24;[586,152];29;
24;[587,146];21;
24;[568,190];24;
24;[593,154];41;
24;[580,180];25;
24;[563,185];24;
24;[594,148];29;
24;[385,166];13;
24;[594,138];28;
24;[592,180];25;
24;[568,176];27;
24;[594,128];29;
24;[594,185];30;
24;[575,169];29;
24;[590,119];19;
24;[594,197];27;
24;[605,143];43;
24;[584,167];30;
24;[585,114];17;
24;[594,207];27;
24;[418,92];4;
24;[484,88];10;
24;[594,167];41;
24;[576,105];17;
24;[594,217];36;
24;[601,174];39;
24;[570,102];19;
24;[589,223];17;
24;[594,123];43;
24;[608,181];34;
24;[562,102];19;
24;[615,188];37;
24;[556,96];20;
24;[575,237];15;
24;[580,109];17;
24;[364,107];2;
24;[608,195];36;
24;[542,88];18;
24;[566,246];13;
24;[603,203];35;
24;[535,88];18;
24;[565,256];16;
24;[576,91];19;
24;[603,213];39;
24;[543,81];18;
24;[563,265];21;
24;[583,84];12;
24;[603,223];38;
24;[552,81];19;
24;[556,272];20;
24;[623,393];2;
24;[603,233];37;
24;[565,81];20;
24;[546,273];22;
24;[527,237];3;
24;[511,195];7;
24;[469,252];3;
24;[350,274];2;
24;[510,146];4;
24;[467,194];2;
24;[425,254];4;
24;[377,254];2;
24;[585,71];12;
24;[596,240];36;
24;[575,81];14;
24;[536,273];19;

PB
25;[620,140];53;
25;[620,160];42;
25;[620,180];39;
25;[620,200];43;
25;[653,112];34;
25;[602,182];35;
25;[597,180];35;
25;[608,150];42;
25;[585,183];20;
25;[601,154];39;
25;[573,188];23;
25;[417,189];6;
25;[462,157];6;
25;[564,194];19;
25;[582,142];26;
25;[559,199];18;
25;[586,152];29;
25;[587,146];20;
25;[568,190];24;
25;[593,154];41;
25;[580,180];25;
25;[563,185];24;
25;[594,148];29;
25;[385,166];14;
25;[594,138];28;
25;[592,180];25;
25;[568,176];27;
25;[594,128];29;
25;[594,185];30;
25;[575,169];29;
25;[590,119];19;
25;[594,197];27;
25;[605,143];44;
25;[584,167];30;
25;[585,114];17;
25;[594,207];27;
25;[418,92];4;
25;[484,88];10;
25;[594,167];41;
25;[576,105];17;
25;[594,217];37;
25;[601,174];40;
25;[570,102];20;
25;[589,223];19;
25;[594,123];43;
25;[608,181];35;
25;[562,102];20;
25;[615,188];38;
25;[556,96];21;
25;[575,237];17;
25;[580,109];17;
25;[364,107];2;
25;[608,195];37;
25;[542,88];19;
25;[566,246];15;
25;[603,203];36;
25;[535,88];19;
25;[565,256];18;
25;[576,91];20;
25;[603,213];41;
25;[543,81];19;
25;[563,265];21;
25;[583,84];13;
25;[603,223];40;
25;[552,81];20;
25;[556,272];22;
25;[623,393];2;
25;[603,233];39;
25;[565,81];21;
25;[546,273];22;
25;[511,195];8;
25;[510,146];6;
25;[467,194];2;
25;[585,71];13;
25;[596,240];38;
25;[575,81];15;
25;[536,273];22;
25;[537,236];3;
25;[469,250];2;
25;[341,273];2;
25;[424,254];2;
25;[378,254];3;
25;[585,61];13;
25;[589,247];27;
25;[526,273];21;

PB
25;[620,140];52;
25;[620,160];42;
25;[620,180];39;
25;[620,200];43;
25;[653,112];34;
25;[602,182];35;
25;[597,180];35;
25;[608,150];42;
25;[585,183];20;
25;[601,154];39;
25;[573,188];23;
25;[417,189];6;
25;[462,157];6;
25;[564,194];20;
25;[582,142];27;
25;[559,199];18;
25;[586,152];29;
25;[587,146];21;
25;[568,190];24;
25;[593,154];41;
25;[580,180];25;
25;[563,185];24;
25;[594,148];29;
25;[385,166];14;
25;[594,138];28;
25;[592,180];25;
25;[568,176];27;
25;[594,128];29;
25;[594,185];30;
25;[575,169];29;
25;[590,119];19;
25;[594,197];27;
25;[605,143];44;
25;[584,167];30;
25;[585,114];17;
25;[594,207];27;
25;[418,92];4;
25;[484,88];11;
25;[594,167];40;
25;[576,105];17;
25;[594,217];37;
25;[601,174];40;
25;[570,102];20;
25;[589,223];19;
25;[594,123];43;
25;[608,181];35;
25;[562,102];20;
25;[615,188];38;
25;[556,96];21;
25;[575,237];17;
25;[580,109];17;
25;[364,107];2;
25;[608,195];37;
25;[542,88];19;
25;[566,246];15;
25;[603,203];36;
25;[535,88];19;
25;[565,256];18;
25;[576,91];20;
25;[603,213];41;
25;[543,81];19;
25;[563,265];21;
25;[583,84];13;
25;[603,223];40;
25;[552,81];20;
25;[556,272];22;
25;[623,393];2;
25;[603,233];39;
25;[565,81];21;
25;[546,273];19;
25;[585,71];13;
25;[596,240];38;
25;[575,81];15;
25;[536,273];22;
25;[537,236];3;
25;[469,250];2;
25;[341,273];2;
25;[424,254];2;
25;[378,254];4;
25;[585,61];14;
25;[589,247];27;
25;[526,273];22;
25;[511,147];5;
25;[510,195];7;
25;[465,194];2;

PB
26;[620,140];54;
26;[620,160];43;
26;[620,180];40;
26;[620,200];44;
26;[653,112];35;
26;[602,182];35;
26;[597,180];35;
26;[608,150];42;
26;[585,183];20;
26;[601,154];39;
26;[573,188];23;
26;[417,189];6;
26;[462,157];6;
26;[564,194];19;
26;[582,142];26;
26;[559,199];18;
26;[586,152];29;
26;[587,146];20;
26;[568,190];24;
26;[593,154];41;
26;[580,180];25;
26;[563,185];24;
26;[594,148];29;
26;[385,166];14;
26;[594,138];28;
26;[592,180];25;
26;[568,176];27;
26;[594,128];29;
26;[594,185];30;
26;[575,169];29;
26;[590,119];19;
26;[594,197];27;
26;[605,143];44;
26;[584,167];30;
26;[585,114];17;
26;[594,207];27;
26;[418,92];4;
26;[484,88];12;
26;[594,167];41;
26;[576,105];17;
26;[594,217];38;
26;[601,174];40;
26;[570,102];21;
26;[589,223];20;
26;[594,123];43;
26;[608,181];36;
26;[562,102];21;
26;[615,188];39;
26;[556,96];22;
26;[575,237];18;
26;[580,109];17;
26;[364,107];2;
26;[608,195];38;
26;[542,88];20;
26;[566,246];16;
