PR
1;[430,110];7;
1;[450,110];6;
1;[470,110];6;
1;[490,110];7;
1;[363,143];4;
1;[473,297];3;
1;[365,285];2;
1;[475,274];3;
1;[583,274];2;

PR
1;[430,110];7;
1;[450,110];6;
1;[470,110];6;
1;[490,110];7;
1;[363,143];4;
1;[473,297];3;
1;[365,285];2;
1;[583,274];2;
1;[475,274];3;

PR
1;[430,110];7;
1;[450,110];7;
1;[470,110];6;
1;[490,110];7;
1;[363,143];4;
1;[473,297];3;
1;[365,285];2;
1;[583,274];2;
1;[474,273];4;

